0.0388069
0.0262799
0.0389341
0.0003607
0
0.0222864
7.67555e-06
0.159386
0.162158
0.139652
0.165558
0.1408
0.182987
0.133161
0.126676
0.143625
0.131427
0.154581
0.128144
0.151922
0.163073
0.135741
0.0883769
0.0823447
0.102458
0.121821
0.136813
0.120039
0.130444
0.101239
0.123242
0.0991743
0.177688
0.164733
0.153455
0.186636
0.173666
0.141668
0.130024
0.114321
0.139589
0.16246
0.259547
0.263555
0.244426
0.238348
0.259984
0.276361
0.265523
0.248093
0.31279
0.287766
0.304901
0.320789
0.344327
0.333597
0.286057
0.311477
0.300386
0.270803
0.268583
0.279939
0.300033
0.255945
0.228267
0.218183
0.235483
0.211824
0.20249
0.201566
0.223461
0.0520486
0.0553785
0.0642643
0.068297
0.0408592
0.0639009
0.0524112
0.0545879
0.0315634
0.0433534
0.0357442
0.0504736
0.0265181
0.00367112
0.0120375
0.0036081
0.0177494
0.0231386
0.0912094
0.0697875
0.0847164
0.101395
0.0738114
0.0724982
0.0548007
0.0440061
0.0302398
0.0108525
0.0329419
0.00620738
0.0266047
0.0023982
0.0232972
0.0809356
0.0697376
0.00170811
0.0194178
0.0455122
0.0446648
0.00132352
0.0381825
0.0533308
0.0759333
0.0587774
0.0803739
0.0518844
0.0361209
0.0400479
0.153977
0.159029
0.180444
0.139835
0.147884
0.164333
0.189404
0.198458
0.190268
0.180159
0.165954
0.211838
0.197236
0.148343
0.175007
0.200542
0.204188
0.184402
0.224564
0.221357
0.20639
0.254136
0.236975
0.243459
0.21575
0.221302
0.246812
0.255112
0.233169
0.236619
0.296758
0.283548
0.292735
0.270783
0.266386
0.306989
0.28465
0.30618
0.32878
0.321968
0.274805
0.294985
0.152161
0.133545
0.168758
0.163202
0.0715879
0.0558021
0.0791572
0.0913952
0.0961506
0.111416
0.117493
0.0797953
0.0916522
0.0515364
0.0497505
0.0341067
0.060322
0.107239
0.0898987
0.0812409
0.0688708
0.0816552
0.231253
0.210865
0.223025
0.213761
0.266306
0.356816
0.335436
0.354948
0.336979
0.314809
0.312208
0.317918
0.298384
0.309623
0.285687
0.278942
0.292877
0.302676
0.321483
0.272567
0.279962
0.257459
0.225655
0.215123
0.232829
0.203978
0.233639
0.213027
0.227537
0.244575
0.20842
0.194026
0.184895
0.196619
0.174949
0.187901
0.210556
0.188768
0.192618
0.212867
0.0882063
0.109518
0.108319
0.134132
0.139885
0.122674
0.123024
0.098596
0.144267
0.0675513
0.0885056
0.0780919
0.0883983
0.948874
0.954204
0.940397
0.94558
0.965484
0.918753
0.953233
0.929311
0.967468
0.968697
0.961132
0.979974
0.936643
0.907708
0.917727
0.898211
0.892113
0.866449
0.874167
0.848289
0.824067
0.814058
0.80042
0.765178
0.781525
0.781163
0.846923
0.864408
0.86887
0.722669
0.733516
0.748173
0.880212
0.868874
0.872006
0.892285
0.846588
0.855079
0.858249
0.867168
0.821868
0.844164
0.83459
0.82527
0.831489
0.800253
0.811132
0.792233
0.782414
0.806581
0.819643
0.83438
0.824702
0.83444
0.835031
0.865614
0.862589
0.843088
0.815493
0.802715
0.840486
0.826922
0.655786
0.670257
0.674688
0.652621
0.633509
0.613497
0.632801
0.940795
0.957241
0.930612
0.962288
0.944611
0.928653
0.948121
0.97054
0.931328
0.910192
0.90632
0.928451
0.913585
0.955797
0.959999
0.936571
0.955503
0.940683
0.91759
0.963596
0.997591
0.977568
0.997592
0.979588
0.979023
0.976106
0.951651
0.997587
0.972257
0.99369
0.96873
0.98961
0.950889
0.980714
0.962494
0.985773
0.958828
0.870278
0.893454
0.870848
0.897145
1
0.974908
0.953844
0.977349
0.981285
0.954838
0.995028
0.978107
0.998129
0.992114
0.955628
0.974383
0.989396
0.970366
0.986243
0.895922
0.892922
0.871518
0.85331
0.873817
0.915732
0.913107
0.934195
0.931881
0.890276
0.888665
0.87729
0.885387
0.90226
0.917498
0.879988
0.869583
0.893635
0.801858
0.823249
0.811061
0.834882
0.839291
0.854532
0.798548
0.814391
0.827199
0.803869
0.833
0.810238
0.795477
0.781885
0.789114
0.847749
0.845802
0.860302
0.876614
0.914877
0.931277
0.902941
0.920731
0.889119
0.892292
0.919101
0.893917
0.85602
0.86709
0.87743
0.873246
0.851713
0.859803
0.837103
0.813499
0.82367
0.813453
0.800681
0.837045
0.835023
0.848447
0.785407
0.821361
0.795762
0.78192
0.773181
0.81472
0.782763
0.814145
0.794315
0.806531
0.771671
0.749585
0.888938
0.868571
0.758574
0.735968
0.738205
0.764032
0.738706
0.76799
0.742328
0.747096
0.76925
0.794315
0.780269
0.249646
0.234763
0.243677
0.221173
0.196073
0.200993
0.182467
0.214009
0.233975
0.224947
0.2724
0.260308
0.246066
0.322299
0.351094
0.333797
0.340619
0.330838
0.372172
0.376374
0.364048
0.324425
0.335366
0.355867
0.307611
0.349676
0.326966
0.399824
0.418001
0.395628
0.370065
0.289988
0.452275
0.429019
0.452274
0.424883
0.394919
0.407764
0.326554
0.291799
0.322882
0.393465
0.403917
0.377983
0.380713
0.41107
0.299179
0.308265
0.281833
0.365672
0.343139
0.338968
0.320412
0.316476
0.294819
0.343266
0.347589
0.368777
0.309607
0.326501
0.374059
0.352207
0.380645
0.33332
0.365014
0.383065
0.389008
0.232404
0.254816
0.232213
0.273662
0.281603
0.257464
0.281264
0.235526
0.262028
0.283896
0.279449
0.235578
0.264271
0.234603
0.227507
0.227262
0.263731
0.227058
0.24612
0.255321
0.219227
0.253637
0.268646
0.223614
0.226571
0.249523
0.258484
0.266161
0.293906
0.271357
0.307434
0.274531
0.343059
0.308858
0.329491
0.319839
0.328311
0.288378
0.29787
0.361559
0.37148
0.390587
0.390808
0.397295
0.372062
0.36834
0.385545
0.382462
0.40593
0.404547
0.388642
0.397569
0.375569
0.44996
0.452161
0.429455
0.41642
0.399027
0.433617
0.454959
0.417956
0.38826
0.390727
0.456632
0.443194
0.327127
0.324403
0.354562
0.354712
0.424743
0.40731
0.454287
0.432018
0.453827
0.413518
0.437737
0.38509
0.407657
0.353664
0.380584
0.377289
0.356298
0.231779
0.21996
0.243455
0.283486
0.293704
0.308148
0.276634
0.248601
0.236352
0.234011
0.253416
0.274633
0.25613
0.257566
0.276832
0.126388
0.137212
0.10318
0.409338
0.424955
0.403161
0.451275
0.452297
0.425954
0.432578
0.422297
0.408698
0.378563
0.387574
0.360103
0.381882
0.405844
0.384184
0.412124
0.435015
0.452597
0.452154
0.42638
0.451973
0.428327
0.431048
0.404687
0.39956
0.451716
0.404625
0.452356
0.385859
0.380899
0.402461
0.408532
0.425791
0.383265
0.395624
0.414174
0.352802
0.360767
0.342461
0.376548
0.331898
0.355934
0.326896
0.327798
0.329766
0.341961
0.311303
0.293783
0.314806
0.292273
0.275608
0.279151
0.261704
0.271026
0.242988
0.534911
0.552935
0.539869
0.552453
0.580367
0.567485
0.634384
0.639444
0.660279
0.654991
0.681929
0.675183
0.667237
0.562619
0.563676
0.582707
0.581057
0.607854
0.60924
0.430441
0.419151
0.415634
0.436625
0.455468
0.433588
0.43517
0.456449
0.421025
0.445315
0.446198
0.416326
0.374877
0.385778
0.363491
0.397907
0.37753
0.36518
0.383453
0.410807
0.393504
0.369076
0.38706
0.360908
0.315575
0.340043
0.326598
0.329796
0.345669
0.322176
0.373837
0.386807
0.357536
0.402613
0.410629
0.358594
0.362668
0.0265967
0.072648
0.0903827
0.0922481
0.11748
0.109619
0.368195
0.37973
0.361686
0.396957
0.376478
0.356251
0.328307
0.534796
0.521938
0.540865
0.524459
0.535871
0.586556
0.604345
0.588066
0.566753
0.565433
0.586589
0.608575
0.609653
0.549724
0.568496
0.555707
0.658742
0.663811
0.675669
0.686029
0.67546
0.703569
0.696316
0.681796
0.586344
0.599403
0.576069
0.587072
0.611369
0.641257
0.62317
0.614082
0.644349
0.647803
0.665791
0.674945
0.553211
0.50134
0.501513
0.522619
0.537799
0.551784
0.56596
0.536625
0.556636
0.505526
0.505114
0.518725
0.441446
0.453006
0.463807
0.428911
0.431186
0.403485
0.410312
0.38997
0.413276
0.412745
0.431249
0.391742
0.397369
0.399985
0.419855
0.427933
0.44175
0.448047
0.464442
0.423875
0.46309
0.532553
0.514102
0.515401
0.494749
0.48926
0.505209
0.497815
0.504891
0.508449
0.476444
0.468963
0.46301
0.467267
0.718942
0.732484
0.734108
0.710147
0.835052
0.851883
0.840373
0.822631
0.826634
0.81193
0.797985
0.795798
0.803109
0.807359
0.790162
0.796336
0.784523
0.85506
0.837726
0.883013
0.875549
0.894768
0.945142
0.937928
0.911808
0.919064
0.935315
0.902486
0.895853
0.928045
0.916446
0.758982
0.756392
0.776176
0.763469
0.743403
0.738912
0.683467
0.699899
0.700789
0.715927
0.722165
0.696451
0.671741
0.693711
0.673474
0.714322
0.665098
0.683069
0.776473
0.757262
0.788272
0.802197
0.796154
0.812809
0.828432
0.83267
0.75873
0.733773
0.766993
0.749994
0.776354
0.774323
0.671096
0.652285
0.655083
0.633372
0.649373
0.627229
0.61233
0.63122
0.653454
0.570068
0.570344
0.587078
0.583638
0.589955
0.562395
0.545136
0.548347
0.552136
0.571533
0.595444
0.471368
0.448699
0.458297
0.418325
0.399185
0.419376
0.412209
0.459048
0.477336
0.460678
0.518015
0.501805
0.521653
0.494843
0.707012
0.716346
0.722488
0.754178
0.728547
0.709153
0.740224
0.715871
0.774396
0.807149
0.794656
0.692321
0.677301
0.696369
0.706873
0.728091
0.708802
0.689145
0.685389
0.676907
0.694189
0.705179
0.669653
0.690937
0.664946
0.649186
0.643901
0.626287
0.639179
0.624993
0.626057
0.57855
0.600502
0.704567
0.713805
0.727518
0.760979
0.752605
0.738529
0.744944
0.744723
0.727182
0.677164
0.673295
0.650767
0.654841
0.640625
0.640054
0.654196
0.630996
0.674246
0.657091
0.677667
0.686254
0.654151
0.660391
0.695581
0.636297
0.640361
0.621044
0.612365
0.591223
0.576799
0.558993
0.603871
0.592358
0.61161
0.601501
0.597255
0.599174
0.58641
0.551993
0.582679
0.55965
0.539807
0.526134
0.53064
0.525876
0.544229
0.565724
0.558184
0.55417
0.596873
0.579429
0.584441
0.571705
0.591804
0.601434
0.762426
0.781811
0.74807
0.767256
0.784951
0.777377
0.800769
0.835057
0.850535
0.820907
0.829185
0.839747
0.794604
0.805882
0.636588
0.636543
0.654542
0.65303
0.656835
0.640093
0.680924
0.685134
0.681425
0.661285
0.635798
0.652196
0.67177
0.643375
0.669598
0.653165
0.623464
0.597747
0.69705
0.679913
0.685336
0.712589
0.725943
0.69275
0.600198
0.578492
0.606197
0.644633
0.66492
0.646802
0.648087
0.628932
0.616618
0.617785
0.641462
0.631151
0.618026
0.598114
0.48414
0.494808
0.509052
0.517962
0.480462
0.503692
0.512149
0.454489
0.471021
0.481773
0.527814
0.510228
0.502068
0.465432
0.433789
0.450133
0.474686
0.5497
0.558481
0.536214
0.551298
0.527839
0.546334
0.541114
0.556997
0.543045
0.529398
0.521
0.505499
0.552145
0.561255
0.525217
0.496883
0.47975
0.472715
0.449195
0.456821
0.501583
0.482084
0.518411
0.512842
0.531135
0.495273
0.53878
0.485277
0.474885
0.460584
0.404307
0.415418
0.389273
0.400443
0.371265
0.358961
0.380885
0.369006
0.403944
0.393165
0.418252
0.430647
0.431867
0.447531
0.455893
0.484056
0.506974
0.463695
0.47074
0.402786
0.413511
0.426802
0.434106
0.448414
0.376585
0.358337
0.417085
0.387207
0.456911
0.459371
0.439119
0.48024
0.423347
0.432843
0.441471
0.398437
0.388751
0.37865
0.414604
0.386793
0.404896
0.3823
0.355913
0.371847
0.354349
0.386178
0.408827
0.418251
0.397199
0.404564
0.411248
0.379309
0.393801
0.374075
0.390349
0.365368
0.463036
0.448034
0.433005
0.472482
0.452607
0.430528
0.479495
0.449787
0.462115
0.440287
0.446553
0.438409
0.445929
0.467812
0.502322
0.491171
0.522661
0.512162
0.53239
0.507741
0.478208
0.525987
0.580823
0.577189
0.564066
0.595169
0.588961
0.402341
0.402687
0.360554
0.357549
0.47354
0.479068
0.444511
0.45409
0.429673
0.486088
0.492181
0.506101
0.509325
0.514252
0.524773
0.678877
0.676974
0.693912
0.713451
0.698213
0.713643
0.240303
0.251366
0.257683
0.270708
0.269344
0.28929
0.245505
0.308965
0.305289
0.316051
0.301252
0.310775
0.284545
0.292939
0.31074
0.262871
0.265919
0.242802
0.24186
0.199693
0.197005
0.217097
0.227212
0.195258
0.184258
0.209214
0.125943
0.137462
0.117065
0.159546
0.144755
0.170451
0.125305
0.143043
0.158095
0.180275
0.186414
0.0910168
0.0827899
0.100334
0.104638
0.0889018
0.121498
0.0673267
0.186656
0.16773
0.168782
0.014252
0.0125346
0.036962
0.0239173
0.100126
0.0832332
0.0684593
0.0725928
0.0248957
0.0238225
0.000484407
0.00301923
0.242287
0.230627
0.222326
0.249315
0.264977
0.224241
0.24161
0.204755
0.225514
0.196069
0.188704
0.179046
0.181439
0.203751
0.230381
0.212978
0.161162
0.211372
0.203902
0.835137
0.853931
0.777386
0.830674
0.719945
0.759911
0.7492
0.765179
0.758547
0.710405
0.734497
0.746115
0.720284
0.709442
0.699823
0.735043
0.667562
0.689003
0.670988
0.687841
0.702613
0.698589
0.707337
0.728168
0.697011
0.66866
0.644037
0.68276
0.666759
0.652419
0.659322
0.601907
0.617629
0.627329
0.57388
0.580851
0.591772
0.529115
0.505124
0.527172
0.431972
0.425462
0.431633
0.43604
0.444588
0.463099
0.344675
0.342743
0.332085
0.325126
0.340793
0.365623
0.347154
0.29749
0.297474
0.315956
0.293866
0.0970416
0.117146
0.173424
0.195227
0.294232
0.296244
0.34068
0.355812
0.619881
0.613453
0.599762
0.570627
0.593906
0.557867
0.369772
0.360693
0.346193
0.321319
0.338015
0.348425
0.320725
0.361409
0.35821
0.378984
0.368848
0.389492
0.380051
0.391754
0.373513
0.50487
0.478187
0.466493
0.49909
0.496001
0.47282
0.532161
0.515633
0.524692
0.505555
0.480581
0.500207
0.476972
0.472657
0.420776
0.449556
0.435504
0.406945
0.417594
0.454316
0.441112
0.377824
0.407306
0.393147
0.418583
0.426068
0.433793
0.445114
0.451318
0.443712
0.493515
0.496102
0.46953
0.470749
0.441817
0.392228
0.401063
0.398157
0.417618
0.425267
0.824367
0.859631
0.849883
0.879481
0.908194
0.880059
0.927011
0.93974
0.917167
0.85742
0.842823
0.893068
0.886007
0.901877
0.796491
0.782062
0.799201
0.775304
0.761651
0.756273
0.728668
0.740503
0.718214
0.7262
0.709455
0.694126
0.685885
0.705496
0.592619
0.614249
0.603734
0.622274
0.640397
0.653227
0.663555
0.651019
0.630798
0.67246
0.746329
0.76421
0.774755
0.753329
0.774449
0.720486
0.752835
0.730394
0.753346
0.737131
0.775261
0.770764
0.75533
0.759737
0.742177
0.764105
0.752617
0.745965
0.762745
0.725141
0.729604
0.745513
0.715859
0.699767
0.709107
0.717423
0.69796
0.729345
0.705552
0.75469
0.761969
0.740104
0.6876
0.701023
0.729877
0.712655
0.723771
0.700687
0.744277
0.759568
0.738689
0.703204
0.678775
0.636113
0.601867
0.615374
0.571961
0.581504
0.545915
0.489123
0.499489
0.720698
0.703309
0.727255
0.719828
0.744264
0.419835
0.182001
0.199264
0.174024
0.180581
0.120914
0.0976704
0.117477
0.141646
0.121229
0.146783
0.141588
0.08754
0.0562144
0.065357
0.105636
0.118933
0.0781244
0.0538531
0.0498439
0.0348614
0.0635704
0.0577292
0.0768631
0.0684534
0.100924
0.100844
0.122818
0.124231
0.138427
0.160563
0.13531
0.122563
0.0865209
0.088076
0.129359
0.10278
0.14179
0.144541
0.159952
0.17768
0.184794
0.20872
0.165324
0.152544
0.164049
0.144762
0.158248
0.156537
0.133927
0.221407
0.216153
0.218183
0.248753
0.230339
0.241803
0.246673
0.219766
0.207484
0.26004
0.271036
0.284818
0.259627
0.266361
0.291866
0.269975
0.241177
0.270701
0.317832
0.291139
0.308495
0.323013
0.313747
0.331734
0.322733
0.345179
0.31617
0.336503
0.359242
0.339921
0.359028
0.356771
0.348974
0.372398
0.226256
0.206885
0.242875
0.221425
0.296998
0.318593
0.317997
0.319989
0.298601
0.326037
0.343608
0.266101
0.254997
0.283826
0.275318
0.266742
0.254097
0.307788
0.327824
0.286046
0.182745
0.262445
0.249014
0.286164
0.275288
0.300998
0.0705897
0.0408039
0.355228
0.328427
0.30954
0.289554
0.274551
0.41403
0.402474
0.403075
0.497653
0.494101
0.537814
0.531921
0.550329
0.548618
0.560443
0.570008
0.583858
0.592875
0.638845
0.618146
0.634548
0.614548
0.603265
0.569793
0.563538
0.579848
0.596674
0.567455
0.550536
0.5562
0.547995
0.574993
0.55643
0.531972
0.553857
0.575126
0.646317
0.620911
0.59903
0.598727
0.57519
0.546834
0.545245
0.530488
0.512893
0.494841
0.463837
0.479521
0.520038
0.537782
0.619321
0.640767
0.657029
0.669399
0.677986
0.641716
0.67196
0.680342
0.694949
0.68903
0.682941
0.564027
0.619984
0.477984
0.222168
0.198102
0.234247
0.181736
0.183471
0.0984649
0.088526
0.124476
0.183775
0.44995
0.510415
0.500515
0.554124
0.529567
0.530608
0.54738
0.54166
0.563835
0.500524
0.506593
0.489184
0.474945
0.479493
0.49421
0.536511
0.513592
0.515765
0.503407
0.518836
0.537323
0.519436
0.557657
0.533978
0.517787
0.551179
0.584983
0.596205
0.571076
0.617403
0.604174
0.611729
0.588099
0.637671
0.62627
0.629974
0.621611
0.607113
0.634957
0.745115
0.723905
0.72755
0.71024
0.736748
0.704017
0.719809
0.732158
0.709996
0.701848
0.734663
0.684202
0.686545
0.676368
0.709585
0.700344
0.744689
0.751238
0.724889
0.730241
0.764379
0.775162
0.775678
0.757985
0.775291
0.748059
0.729476
0.696387
0.669291
0.702589
0.66912
0.693274
0.668806
0.726401
0.757044
0.737916
0.744289
0.760218
0.724866
0.755397
0.784074
0.730981
0.708867
0.720455
0.711234
0.735021
0.662747
0.676363
0.687608
0.641603
0.657648
0.680249
0.779124
0.774576
0.763381
0.751805
0.745608
0.758662
0.744116
0.69621
0.67898
0.656563
0.63839
0.646223
0.618149
0.611818
0.592713
0.589983
0.600558
0.630737
0.606821
0.625594
0.652158
0.649065
0.617197
0.594166
0.617475
0.636517
0.610066
0.589941
0.581383
0.56802
0.589634
0.548399
0.578461
0.581032
0.571116
0.652685
0.66875
0.659978
0.683467
0.721396
0.742267
0.727926
0.75714
0.755571
0.73822
0.774902
0.747202
0.786818
0.769132
0.799966
0.794798
0.812728
0.835062
0.808991
0.822591
0.753691
0.773956
0.769043
0.77705
0.782947
0.761847
0.771191
0.780197
0.758597
0.759038
0.742558
0.709785
0.723653
0.692483
0.731077
0.704606
0.692248
0.673775
0.694026
0.685685
0.709154
0.664202
0.747244
0.74306
0.769437
0.784366
0.805138
0.83643
0.808792
0.824795
0.820139
0.820418
0.793752
0.846098
0.844045
0.833219
0.807681
0.822097
0.858848
0.844483
0.856806
0.862021
0.861408
0.691659
0.675929
0.682837
0.659748
0.709804
0.611859
0.635154
0.648286
0.618375
0.628497
0.595489
0.567708
0.573599
0.544219
0.554307
0.56015
0.524551
0.526114
0.530891
0.532987
0.536034
0.539047
0.567303
0.594174
0.686493
0.705164
0.691015
0.663576
0.661242
0.696161
0.685228
0.680473
0.67057
0.639451
0.596268
0.617445
0.642942
0.631669
0.570049
0.567699
0.595951
0.619123
0.59124
0.611314
0.567665
0.62535
0.655879
0.688493
0.685896
0.655861
0.654477
0.639071
0.628596
0.676834
0.661056
0.661287
0.631844
0.645828
0.672866
0.675837
0.676579
0.584355
0.608118
0.580933
0.668554
0.586468
0.600757
0.566877
0.569296
0.609572
0.653642
0.639978
0.629134
0.65802
0.640706
0.629376
0.646015
0.669311
0.670694
0.62196
0.59982
0.603384
0.571728
0.607594
0.570267
0.620586
0.629653
0.64211
0.647387
0.692712
0.671369
0.654912
0.634142
0.63648
0.58984
0.612234
0.570329
0.570307
0.58286
0.569383
0.584711
0.60886
0.600193
0.619423
0.644974
0.67969
0.686524
0.683246
0.673137
0.631131
0.650637
0.618785
0.643428
0.611058
0.630064
0.582728
0.581897
0.605686
0.582717
0.546966
0.550979
0.570746
0.564419
0.554334
0.604996
0.577124
0.588958
0.593946
0.615591
0.55521
0.561757
0.667668
0.659689
0.707974
0.696355
0.712858
0.753487
0.744775
0.684792
0.698819
0.677831
0.675364
0.660274
0.677875
0.688052
0.699106
0.668585
0.683121
0.702071
0.712218
0.696563
0.671495
0.711382
0.726496
0.740334
0.7545
0.783237
0.784938
0.749965
0.777804
0.76416
0.807099
0.813997
0.803245
0.832707
0.814456
0.787636
0.797832
0.787566
0.766841
0.766607
0.794629
0.739707
0.719832
0.734218
0.746718
0.734773
0.715689
0.719127
0.709885
0.733229
0.704019
0.726397
0.719881
0.81917
0.80261
0.794253
0.833339
0.808786
0.788206
0.847685
0.858639
0.849474
0.867586
0.861847
0.798155
0.723635
0.743131
0.71684
0.706645
0.745896
0.747478
0.728354
0.747204
0.699796
0.579789
0.564216
0.567156
0.599119
0.662691
0.717504
0.715796
0.69469
0.680913
0.676656
0.706235
0.613246
0.568944
0.589414
0.570685
0.586629
0.517779
0.532609
0.51915
0.514465
0.534186
0.516471
0.537003
0.538905
0.51285
0.513718
0.522027
0.523367
0.544389
0.565126
0.55086
0.561865
0.547732
0.538411
0.522349
0.522819
0.566207
0.595845
0.576855
0.548435
0.555504
0.532285
0.570268
0.557255
0.53257
0.507984
0.507992
0.528983
0.546868
0.564837
0.589653
0.60794
0.603675
0.623905
0.604111
0.622831
0.645908
0.648313
0.655025
0.633761
0.623656
0.608845
0.623566
0.577114
0.562857
0.642244
0.631567
0.585621
0.605233
0.571438
0.507726
0.512627
0.585514
0.611599
0.58648
0.645189
0.623556
0.636465
0.654479
0.661855
0.671077
0.67064
0.710086
0.741343
0.757465
0.762119
0.824071
0.823744
0.795316
0.810512
0.812892
0.803648
0.77499
0.792874
0.738342
0.739375
0.717459
0.69643
0.705941
0.508132
0.51238
0.507379
0.522558
0.506755
0.59423
0.564308
0.516985
0.542281
0.558902
0.659062
0.622376
0.69742
0.694108
0.680829
0.59889
0.572603
0.602742
0.577499
0.662242
0.63259
0.632328
0.702462
0.617876
0.595569
0.564864
0.544005
0.803168
0.794818
0.670557
0.664791
0.658033
0.723028
0.738574
0.792887
0.552444
0.640622
0.752947
0.757911
0.792572
0.792691
0.760282
0.738458
0.749574
0.745215
0.727104
0.745138
0.70733
0.715043
0.620494
0.639252
0.609404
0.591028
0.571139
0.581835
0.561701
0.673393
0.65873
0.651296
0.689085
0.676366
0.684637
0.733684
0.640575
0.623606
0.60124
0.645664
0.640984
0.68603
0.662913
0.660646
0.626594
0.555774
0.581815
0.562156
0.537803
0.542198
0.518278
0.523936
0.500167
0.506151
0.484853
0.469897
0.494329
0.488538
0.496872
0.47938
0.469066
0.459794
0.414795
0.431751
0.457008
0.435646
0.422605
0.426931
0.440399
0.467178
0.469531
0.485681
0.451864
0.375628
0.262711
0.235185
0.235268
0.25701
0.23829
0.257207
0.209636
0.199785
0.217057
0.166961
0.179634
0.157481
0.182373
0.15301
0.159249
0.245329
0.236668
0.214549
0.203002
0.18417
0.208101
0.186783
0.227148
0.27247
0.272306
0.257624
0.264851
0.285474
0.234819
0.314355
0.331596
0.316307
0.339995
0.310806
0.332723
0.236014
0.257111
0.220971
0.235921
0.343668
0.351554
0.329883
0.318328
0.30764
0.316843
0.338868
0.404142
0.422961
0.400527
0.424919
0.447121
0.290171
0.3161
0.274082
0.250309
0.269567
0.295611
0.355193
0.37194
0.352247
0.327046
0.273838
0.299701
0.315022
0.30656
0.33575
0.315846
0.40509
0.37852
0.422247
0.408311
0.428375
0.434864
0.435754
0.355052
0.329575
0.354668
0.357261
0.332812
0.389243
0.365859
0.3731
0.372545
0.366535
0.343159
0.361457
0.378878
0.237092
0.215261
0.214679
0.236
0.217665
0.234564
0.261435
0.255055
0.258916
0.218184
0.219926
0.219926
0.244867
0.220981
0.221385
0.266018
0.273396
0.299044
0.269066
0.297086
0.252911
0.224457
0.224416
0.247118
0.225784
0.226578
0.22511
0.255126
0.275794
0.271693
0.249611
0.251141
0.252657
0.228876
0.230479
0.230061
0.257741
0.317669
0.297337
0.318318
0.319004
0.276244
0.298546
0.336299
0.326728
0.273725
0.30143
0.274816
0.297497
0.312974
0.295974
0.30859
0.290444
0.304147
0.270419
0.252343
0.237775
0.257863
0.313853
0.339819
0.34746
0.341633
0.320407
0.355791
0.328948
0.341348
0.398337
0.372872
0.276521
0.335434
0.363077
0.413662
0.392246
0.413433
0.363701
0.382371
0.228732
0.302297
0.237827
0.258986
0.281299
0.291586
0.216935
0.204357
0.203481
0.222698
0.190942
0.218422
0.254955
0.243085
0.261587
0.334816
0.315945
0.332813
0.314666
0.353565
0.342637
0.320687
0.385813
0.363163
0.36121
0.374225
0.406763
0.452631
0.431526
0.452641
0.414707
0.411874
0.431261
0.42262
0.456219
0.456169
0.441102
0.415463
0.410978
0.439571
0.455366
0.455286
0.386074
0.367144
0.362365
0.396354
0.392505
0.391369
0.416634
0.367906
0.456767
0.44172
0.422306
0.456227
0.457043
0.43759
0.456718
0.300732
0.306938
0.333135
0.325625
0.306826
0.319933
0.273631
0.281923
0.305112
0.378295
0.362639
0.347664
0.213929
0.191055
0.231897
0.217688
0.190969
0.23435
0.221118
0.215191
0.189951
0.190126
0.200737
0.184964
0.185394
0.271998
0.283858
0.287262
0.267961
0.244022
0.261792
0.278675
0.326561
0.344672
0.326413
0.374001
0.365179
0.33873
0.352867
0.331282
0.323432
0.299036
0.317307
0.306932
0.341795
0.340341
0.359552
0.300368
0.244836
0.259809
0.268501
0.314154
0.316447
0.300466
0.33342
0.354307
0.35753
0.28458
0.309759
0.207965
0.232477
0.231671
0.236536
0.209391
0.223929
0.202297
0.219085
0.182041
0.194483
0.221947
0.211191
0.204224
0.182333
0.242638
0.240035
0.264789
0.299868
0.246064
0.231533
0.289274
0.204578
0.218436
0.213173
0.183336
0.185534
0.182706
0.182668
0.184294
0.253374
0.274377
0.254855
0.280158
0.255089
0.184401
0.332155
0.362563
0.359694
0.360146
0.381637
0.383086
0.296191
0.321873
0.339699
0.337233
0.376944
0.34174
0.344852
0.359928
0.451028
0.245099
0.24515
0.22942
0.222653
0.257337
0.241535
0.211946
0.241923
0.230849
0.209626
0.207947
0.226274
0.251143
0.279379
0.263137
0.287166
0.246813
0.301023
0.278447
0.318923
0.29212
0.285986
0.266269
0.244919
0.19929
0.347725
0.197773
0.312034
0.329271
0.451269
0.301239
0.294211
0.28243
0.197723
0.417449
0.438401
0.442783
0.41253
0.444216
0.421844
0.421912
0.227881
0.304629
0.308049
0.25178
0.21908
0.30008
0.314077
0.190762
0.180027
0.138028
0.193028
0.297505
0.289942
0.274502
0.277349
0.301214
0.294063
0.314003
0.333253
0.343895
0.360331
0.340996
0.313738
0.316439
0.255419
0.223955
0.311164
0.323182
0.187515
0.15989
0.132629
0.415405
0.417519
0.435931
0.545172
0.532684
0.525165
0.443771
0.461709
0.506576
0.482078
0.487286
0.494928
0.494154
0.49834
0.535171
0.550723
0.551193
0.560514
0.558688
0.575385
0.574149
0.602119
0.613936
0.590771
0.609185
0.621535
0.591143
0.68022
0.672826
0.675554
0.693589
0.653859
0.635251
0.724484
0.593733
0.590593
0.579655
0.62882
0.572323
0.526471
0.767511
0.7813
0.792003
0.773559
0.761697
0.711032
0.64271
0.771243
0.786734
0.810332
0.846781
0.893325
0.904183
0.899161
0.465496
0.524176
0.430211
0.435126
0.429624
0.444428
0.311641
0.32761
0.315695
0.300525
0.471411
0.51417
0.53759
0.534774
0.591231
0.372745
0.383728
0.380559
0.399831
0.388802
0.235872
0.222929
0.147363
0.330824
0.319523
0.495506
0.543009
0.542744
0.683222
0.88897
0.909513
0.915263
0.906077
0.894886
0.888419
0.0255543
0.124802
0.0579065
0.0464132
0.132
0.223175
0.25177
0.378046
0.397468
0.4289
0.368956
0.392984
0.486107
0.532712
0.534479
0.577415
0.557022
0.618435
0.64054
0.815047
0.635191
0.721525
0.680199
0.698894
0.46903
0.560909
0.616316
0.777952
0.720117
0.918388
0.920548
0.870754
0.6965
0.486375
0.384143
0.449858
0.52414
0.517178
0.628328
0.510116
0.4926
0.478666
0.326538
0.00662052
0.0166095
0.00671036
0.00935292
0.0174802
0.0196805
0.104344
0.123044
0.0791809
0.0100841
0.346615
0.3336
0.341555
0.353579
0.418563
0.313776
0.392951
0.465863
0.62611
0.373841
0.334265
0.453286
0.453243
0.3716
0.359919
0.452187
0.450371
0.208788
0.416068
0.442317
0.42978
0.354157
0.266193
0.237863
0.242665
0.237934
0.242713
0.363718
0.250434
0.222171
0.248156
0.264481
0.218825
0.857764
0.846715
0.891668
0.868347
0.798669
0.999148
0.845445
0.804819
0.929353
0.950639
0.866876
0.999662
0.975294
0.950007
0.988602
0.950547
0.918988
0.812886
0.794614
0.82523
0.776535
0.800929
0.870319
0.786249
0.771078
0.941923
0.1567
0.241599
0.272782
0.278616
0.261994
0.104374
0.115542
0.0750479
0.127596
0.0534282
0.0315754
0.182843
0.196228
0.260815
0.18676
0.0361406
0.192919
0.189082
0.173717
0.151248
0.167377
0.187856
0.116826
0.169267
0.146576
0.0703145
0.0291236
