0 0.864161 1
0 0.945904 1
0 0.868396 1
0 0.972211 1
0 1 0.996215
0 1 0.934619
0 1 0.717607
0 1 0.739388
0 1 0.656428
0 1 0.780109
0 1 0.976261
0 1 0.903315
0 1 0.864637
0 1 0.698709
0 1 0.831647
0 1 0.759214
0 1 0.977432
0 1 0.998926
0 1 0.860438
0 1 0.944839
0 1 0.93463
0 1 0.828021
0 1 0.727727
0 1 0.759741
0 0.957559 1
0 0.95418 1
0 1 0.846598
0 1 0.961385
0 1 0.835195
0 1 0.738178
0 1 0.551765
0 1 0.587772
0 1 0.634789
0 1 0.639169
0 1 0.54043
0 1 0.468598
0 1 0.455837
0 1 0.374557
0 1 0.436374
0 1 0.619707
0 1 0.532362
0 1 0.529431
0 1 0.574665
0 1 0.574594
0 1 0.39508
0 1 0.516502
0 1 0.417198
0 1 0.276767
0 1 0.198455
0 1 0.184866
0 1 0.0997292
0 1 0.0637507
0 1 0.163904
0.0134844 1 0
0 1 0.0210738
0 1 0.0502697
0.0520194 1 0
0 1 0.135413
0 1 0.133917
0 1 0.257276
0 1 0.211422
0 1 0.397488
0 1 0.400005
0 1 0.37627
0 1 0.487731
0 1 0.583072
0 1 0.501236
0 1 0.237014
0 1 0.334161
0 1 0.25169
0 1 0.156142
0 1 0.275968
0 1 0.345152
0 1 0.316682
0 1 0.226901
0 1 0.225115
0 1 0.179822
0 1 0.31404
0 1 0.351844
0 1 0.266723
0 1 0.400285
0 1 0.473964
0 1 0.400303
0 1 0.4922
0 1 0.460555
0 1 0.60282
0 1 0.560397
0 1 0.408563
0 1 0.522293
0 1 0.632647
0 1 0.574347
0 1 0.585582
0 1 0.470621
0 1 0.688481
0 1 0.719421
0 1 0.766502
0 1 0.747549
0 1 0.813755
0 1 0.726504
0 1 0.51503
0 1 0.608982
0 1 0.661984
0 1 0.574774
0 1 0.647585
0 1 0.540988
0 1 0.474459
0 1 0.497079
0 1 0.925999
0 1 0.815594
0 1 0.840624
0 1 0.726839
0 1 0.773034
0 1 0.847733
0 1 0.949504
0 1 0.679865
0 1 0.748293
0 1 0.583668
0 1 0.671621
0 1 0.653554
0 1 0.48782
0 1 0.57677
0 1 0.493761
0 1 0.482335
0 1 0.567762
0 1 0.841671
0 1 0.83406
0 1 0.755655
0 0.975184 1
0 0.998523 1
0 0.968906 1
0 1 0.936674
0 0.920663 1
0 1 0.985003
0 0.990206 1
0 0.98138 1
0 0.888757 1
0 0.822207 1
0 0.776296 1
0 0.878503 1
0 0.822641 1
0 1 0.984864
0 0.982893 1
0 0.919736 1
0 1 0.949283
0 0.927861 1
0 1 0.876491
0 1 0.820948
0 1 0.832128
0 1 0.770093
0 1 0.95211
0 1 0.92319
0 1 0.902623
0 1 0.145158
0 1 0.157558
0 1 0.155043
0 1 0.199468
0 1 0.130401
0 1 0.299267
0 1 0.231505
0 1 0.323172
0 1 0.418809
0 1 0.393169
0 1 0.682794
0 1 0.635979
0 1 0.658386
0 1 0.546195
0 1 0.481239
0 1 0.383865
0 1 0.455425
0 1 0.271168
0 1 0.375426
0 1 0.731768
0 1 0.892434
0 1 0.80147
0 1 0.745729
0 1 0.719312
0 1 0.864273
0 1 0.748697
0 1 0.869921
0 1 0.926273
0 1 0.777529
0 1 0.705925
0 1 0.596541
0 1 0.532793
0 1 0.55329
0 1 0.648756
0 1 0.553665
0 1 0.550808
0 1 0.405207
0 1 0.327256
0 1 0.387337
0 1 0.418206
0 1 0.518633
0 1 0.309128
0 1 0.271516
0 1 0.268065
0 1 0.20979
0 1 0.161744
0 1 0.225918
0 1 0.23523
0 1 0.290269
0 1 0.136626
0 1 0.140801
0 1 0.0949641
0 1 0.0231119
0 1 0.0564236
0 1 0.133319
0 1 0.0902466
0.00888599 1 0
0.0462217 1 0
0.0312338 1 0
0.0631827 1 0
0.105133 1 0
0.0966085 1 0
0.195036 1 0
0.154683 1 0
0.228429 1 0
0.196157 1 0
0.533138 1 0
0.564458 1 0
0.4771 1 0
0.310737 1 0
0.403839 1 0
0.342435 1 0
0.24017 1 0
0.285825 1 0
0.302187 1 0
0.279835 1 0
0.331944 1 0
0.257865 1 0
0.29339 1 0
0.215967 1 0
0.175746 1 0
0.23589 1 0
0.17518 1 0
0.370616 1 0
0.188054 1 0
0.549111 1 0
0.505018 1 0
0.459642 1 0
0.585217 1 0
0.49195 1 0
0.542935 1 0
0.450627 1 0
0.425242 1 0
0.500325 1 0
0.341747 1 0
0.330772 1 0
1 0.668824 0
1 0.561586 0
1 0.624779 0
1 0.572214 0
1 0.659884 0
1 0.547964 0
1 0.985432 0
1 0.93663 0
0.991569 1 0
1 0.882934 0
1 0.930039 0
0.988647 1 0
1 0.815559 0
1 0.835477 0
1 0.729478 0
1 0.847215 0
1 0.591492 0
1 0.530924 0
1 0.52563 0
1 0.702852 0
1 0.779508 0
1 0.786294 0
1 0.439509 0
1 0.924516 0
1 0.82309 0
1 0.956809 0
1 0.873043 0
0.620562 1 0
0.637003 1 0
0.690441 1 0
0.71641 1 0
0.571561 1 0
0.789622 1 0
0.823518 1 0
0.80523 1 0
0.768058 1 0
0.863356 1 0
0.720501 1 0
0.730672 1 0
0.673439 1 0
0.892684 1 0
0.971759 1 0
0.985837 1 0
1 0.953901 0
0.942967 1 0
0.957498 1 0
1 0.867611 0
1 0.930146 0
0.894268 1 0
0.831108 1 0
0.837466 1 0
1 0.711807 0
1 0.634777 0
1 0.681724 0
1 0.75455 0
1 0.588733 0
1 0.624642 0
1 0.62806 0
1 0.636685 0
1 0.711915 0
1 0.680256 0
1 0.826612 0
1 0.854793 0
1 0.925049 0
1 0.97492 0
1 0.987965 0
1 0.936758 0
1 0.853929 0
0.950533 1 0
0.993661 1 0
0.871323 1 0
1 0.990241 0
0.867269 1 0
0.854579 1 0
0.674823 1 0
0.653183 1 0
0.506437 1 0
0.469394 1 0
0.440557 1 0
0.402798 1 0
0.325917 1 0
0.374706 1 0
0.922106 1 0
0.320129 1 0
0.30795 1 0
0.342552 1 0
0.279757 1 0
0.354646 1 0
0.438837 1 0
0.498164 1 0
0.388807 1 0
0.43357 1 0
0.551175 1 0
0.198802 1 0
0.206286 1 0
0.258219 1 0
0.158257 1 0
0.714725 1 0
0.755899 1 0
0.636005 1 0
0.654952 1 0
0.717185 1 0
0.829578 1 0
0.818494 1 0
0.641474 1 0
0.676012 1 0
0.76795 1 0
0.827741 1 0
0.79552 1 0
0.863486 1 0
0.63603 1 0
0.667211 1 0
0.433911 1 0
0.71322 1 0
0.753707 1 0
0.536056 1 0
0.642757 1 0
0.568095 1 0
0.379183 1 0
0.324127 1 0
0.386823 1 0
0.463431 1 0
0.441177 1 0
0.0664308 1 0
0.132142 1 0
0.15627 1 0
0.0908044 1 0
0.0106793 1 0
0.0752279 1 0
0.259411 1 0
0.344788 1 0
0.410722 1 0
0.361221 1 0
0.365046 1 0
0.320019 1 0
0.413386 1 0
0.28764 1 0
0.380558 1 0
0 1 0.0714422
0.193292 1 0
0.124745 1 0
0.189336 1 0
0.248691 1 0
0.253518 1 0
0.158229 1 0
0.0629104 1 0
0.161654 1 0
0 1 0.0200423
0 1 0.0233824
0.0401985 1 0
0.125221 1 0
0 1 0.0263175
0.234961 1 0
0.166539 1 0
0 1 0.0113666
0.0205377 1 0
0.31708 1 0
0.388788 1 0
0.134982 1 0
0.148545 1 0
0 1 0.0315821
0.0636196 1 0
0.0557514 1 0
0 1 0.030498
0.0989747 1 0
0 1 0.160905
0 1 0.214039
0 1 0.1372
0 1 0.174771
0 1 0.0209176
0.0622617 1 0
0.0420937 1 0
0 1 0.246646
0 1 0.11188
0 1 0.158636
0 1 0.180431
0 1 0.149771
0 1 0.0941704
0 1 0.154972
0 1 0.0821005
0 1 0.0950068
0.10418 1 0
0.00441423 1 0
0 1 0.0796745
0 1 0.0702137
0 1 0.335145
0 1 0.233751
0 1 0.427749
0 1 0.504448
0 1 0.461758
0 1 0.415414
0 1 0.393466
0 1 0.353996
0 1 0.449856
0 1 0.593919
0 1 0.303151
0 1 0.270148
0 1 0.32378
0 1 0.290548
0 1 0.246845
0 1 0.284398
0 1 0.263283
0 1 0.110323
0 1 0.208177
0 1 0.25317
0 1 0.17937
0 1 0.117012
0 1 0.0528904
0.0293422 1 0
0.0903096 1 0
0.0397888 1 0
0.16368 1 0
0.264152 1 0
0.337702 1 0
0.241679 1 0
0.439596 1 0
0.548003 1 0
0.644147 1 0
0.641088 1 0
0.723252 1 0
0.819942 1 0
0.679324 1 0
0.917483 1 0
0.954482 1 0
0.834829 1 0
0.730691 1 0
0.614184 1 0
0.91604 1 0
1 0.873782 0
1 0.947669 0
1 0.910667 0
1 0.99596 0
0.687485 1 0
1 0.987258 0
0.9603 1 0
1 0.799779 0
1 0.710195 0
1 0.738363 0
1 0.830064 0
1 0.937224 0
1 0.841959 0
1 0.866957 0
1 0.966995 0
1 0.881963 0
1 0.938043 0
1 0.851619 0
1 0.789861 0
1 0.870228 0
0.976635 1 0
1 0.969966 0
0.998168 1 0
0.928368 1 0
1 0.94954 0
1 0.950219 0
0.618485 1 0
0.693842 1 0
0.696534 1 0
0.540838 1 0
0.49871 1 0
0.482113 1 0
0.419793 1 0
0.435221 1 0
0.342698 1 0
0.302372 1 0
0.36312 1 0
0.251464 1 0
0.233878 1 0
0.315955 1 0
0.338046 1 0
0.173885 1 0
0.433932 1 0
0.180148 1 0
0.0681055 1 0
0 1 0.00841695
0.0911727 1 0
0 1 0.036976
0.0403476 1 0
0 1 0.0845035
0.152931 1 0
0.133012 1 0
0.474321 1 0
0.556525 1 0
0.770852 1 0
0.752928 1 0
0.704492 1 0
0.640719 1 0
0.795519 1 0
0.813831 1 0
0.659629 1 0
0.7515 1 0
0.831213 1 0
0.881975 1 0
0.79305 1 0
0.764392 1 0
0.703615 1 0
0.959917 1 0
0.896992 1 0
0.948402 1 0
0.539748 1 0
0.598676 1 0
0.347521 1 0
0.443619 1 0
0.463831 1 0
0.252202 1 0
0.241227 1 0
0.339629 1 0
0.22269 1 0
0.115461 1 0
0.179798 1 0
0 1 0.152091
0 1 0.190102
0.00553751 1 0
0 1 0.236805
0 1 0.326506
0 1 0.30352
0 1 0.41149
0 1 0.47274
0 1 0.408458
0 1 0.554034
0 1 0.559336
0 1 0.640374
0 1 0.521139
0 1 0.80351
0 1 0.718226
0 1 0.808226
0 1 0.717308
0 1 0.795994
0 1 0.941364
0 1 0.902583
0 0.894943 1
0 0.862198 1
0 0.862457 1
0 0.862566 1
0 0.938678 1
0 0.925012 1
0 0.882177 1
0 1 0.922451
0 1 0.945392
0 1 0.837044
0 0.96761 1
0 1 0.737913
0 1 0.738925
0 1 0.657944
0 0.895514 1
0 0.895568 1
0 0.949231 1
0 0.954043 1
0 0.895593 1
0 1 0.997029
0 1 0.644204
0 1 0.736035
0 0.949292 1
0 1 0.599397
0 1 0.561386
0 1 0.472506
0 1 0.372388
0 1 0.345564
0 1 0.278809
0 1 0.258506
0 1 0.169146
0 1 0.0877358
0 1 0.14572
0 1 0.234137
0 1 0.0873032
0 1 0.0448079
0.00400476 1 0
0.0314603 1 0
0.106954 1 0
0.264008 1 0
0.185856 1 0
0.488149 1 0
0.383111 1 0
0.478204 1 0
0.522116 1 0
0.560907 1 0
0.563872 1 0
0.514939 1 0
0.553524 1 0
0.758083 1 0
0.729805 1 0
0.659741 1 0
0.881859 1 0
0.799395 1 0
0.659954 1 0
0.581038 1 0
0.592702 1 0
0.789188 1 0
0.867913 1 0
0.701077 1 0
0.459363 1 0
0.510491 1 0
0.359585 1 0
0.417071 1 0
0.459113 1 0
0.385738 1 0
0.152242 1 0
0.259395 1 0
0.230575 1 0
0.296154 1 0
0.137767 1 0
0.345399 1 0
0.37155 1 0
0.33366 1 0
0.285648 1 0
0.205952 1 0
0.227503 1 0
0.148358 1 0
0.224348 1 0
0.316399 1 0
0.393314 1 0
0.418791 1 0
0.451116 1 0
0.497666 1 0
0.494781 1 0
0.630722 1 0
0.711587 1 0
0.535605 1 0
0.521053 1 0
0.481819 1 0
0.306106 1 0
0.755841 1 0
0.797598 1 0
0.561726 1 0
0.74061 1 0
0.09425 1 0
0.0175214 1 0
0 1 0.0763858
0 1 0.154322
0 1 0.064898
0.0876985 1 0
0.0453266 1 0
0.0783372 1 0
0 1 0.0481938
0 1 0.132479
0 1 0.071468
0.0195447 1 0
0.133917 1 0
0.164688 1 0
0.356192 1 0
0.246196 1 0
0 1 0.209268
0 1 0.304186
0 1 0.263201
0.881991 1 0
0.780291 1 0
0.701497 1 0
1 0.953799 0
0.64146 1 0
0.657111 1 0
0.594094 1 0
0.640701 1 0
0.656204 1 0
0.329475 1 0
0.513968 1 0
0.49704 1 0
0.435232 1 0
0 1 0.0750034
0 0.971595 1
0 0.974933 1
0 1 0.978098
0 1 0.706334
0 1 0.754892
0 1 0.618281
0 1 0.630771
0 1 0.537427
0 1 0.879102
0 1 0.804477
0 1 0.703509
0 1 0.545291
0 1 0.341782
0 1 0.3506
0 1 0.249146
0 1 0.175756
0 1 0.0833647
0 1 0.0849238
0.0108586 1 0
0 1 0.00428469
0.0742644 1 0
0.15426 1 0
0.0571792 1 0
0 1 0.0729357
0 1 0.0086244
0 1 0.159874
0 1 0.216891
0 1 0.145343
0 1 0.302974
0 1 0.404712
0 1 0.669336
0 1 0.60454
0 1 0.527796
0 1 0.499735
0 0.996233 1
0 1 0.899886
0 1 0.957359
0 0.672348 1
0 0.737466 1
0 0.723826 1
0 0.784204 1
0 0.640466 1
0 0.621696 1
0 0.808365 1
0 0.804528 1
0 0.728557 1
0 0.704629 1
0 0.737138 1
0 0.917606 1
0 0.916488 1
0 0.989609 1
0 1 0.968503
0 1 0.90508
0 1 0.878108
0 1 0.685409
0 1 0.585505
0 1 0.633981
0 1 0.807276
0 1 0.745379
0 1 0.682874
0 1 0.805268
0 1 0.903075
0 1 0.543282
0 1 0.463943
0 1 0.50509
0 1 0.575481
0 1 0.611613
0 1 0.751937
0 1 0.79275
0 1 0.821588
0 1 0.647921
0 1 0.689375
0 1 0.659377
0 1 0.839446
0 1 0.49012
0 1 0.577626
0 1 0.580382
0 1 0.603783
0 1 0.37407
0 1 0.404784
0 1 0.325066
0.0466601 1 0
0.105952 1 0
0.0763191 1 0
0.0125644 1 0
0.127833 1 0
0.176298 1 0
0.154999 1 0
0.274569 1 0
0.231289 1 0
0.273492 1 0
0.337604 1 0
0.376433 1 0
0.44585 1 0
0.381499 1 0
0.308079 1 0
0.291113 1 0
0.320233 1 0
0.217319 1 0
0.206339 1 0
0.134879 1 0
0.142404 1 0
0.204942 1 0
0.282182 1 0
0.086998 1 0
0 1 0.00511156
0 1 0.0399375
0 1 0.153613
0 1 0.0853752
0 1 0.0326244
0 1 0.00857422
0 1 0.247172
0 1 0.310583
0 1 0.244841
0 1 0.331416
0 1 0.425888
0 1 0.214205
0 1 0.157771
0 1 0.150038
0 1 0.0654497
0 1 0.149402
0 1 0.11588
0 1 0.29041
0 1 0.217173
0 1 0.330511
0 1 0.272072
0 1 0.350378
0 1 0.428263
0 1 0.477253
0 1 0.589611
0 1 0.468456
0 1 0.744002
0 1 0.79124
0 1 0.841908
0 1 0.802304
0 1 0.726048
0 1 0.828528
0 1 0.749627
0 1 0.670112
0 1 0.916152
0 1 0.672001
0 0.981038 1
0 1 0.928852
0 0.725334 1
0 0.795394 1
0 0.681484 1
0 0.633093 1
0 0.601705 1
0 0.513651 1
0 0.53744 1
0 0.600468 1
0 0.545928 1
0 0.604064 1
0 0.494494 1
0.640342 1 0
0.695325 1 0
0.662435 1 0
0.673497 1 0
0.72687 1 0
0.632078 1 0
0.560466 1 0
0.559079 1 0
0.563954 1 0
0.487517 1 0
0.489643 1 0
0.411037 1 0
0.45081 1 0
0.376788 1 0
0.346112 1 0
0.395676 1 0
0.345209 1 0
0.306046 1 0
0.292933 1 0
0.213358 1 0
0.14431 1 0
0.244068 1 0
0.243361 1 0
0.207732 1 0
0.162682 1 0
0.11122 1 0
0.466633 1 0
0.468184 1 0
0.517005 1 0
0.552827 1 0
0.374829 1 0
0.456139 1 0
0.398928 1 0
0.317329 1 0
0.453929 1 0
0.457267 1 0
0.46096 1 0
0.397042 1 0
0.461512 1 0
0.395693 1 0
0.481248 1 0
0.330108 1 0
0.310078 1 0
0.239021 1 0
0.158683 1 0
0.110381 1 0
0.15651 1 0
0.0871254 1 0
0.0198038 1 0
0 1 0.0223817
0 1 0.0822739
0.00985974 1 0
0.00650587 1 0
0.080879 1 0
0.150625 1 0
0.12302 1 0
0.0402987 1 0
0.205853 1 0
0.289253 1 0
0.220844 1 0
0.291185 1 0
0.339796 1 0
0.389852 1 0
0.421425 1 0
0.482631 1 0
0.415544 1 0
0.515356 1 0
0.509084 1 0
0.42505 1 0
0.329102 1 0
0.317672 1 0
0.157927 1 0
0.178638 1 0
0.272003 1 0
0.180092 1 0
0.25335 1 0
0.376777 1 0
0.223355 1 0
0.332624 1 0
0.406711 1 0
0.23888 1 0
0.1418 1 0
0.0329134 1 0
0 1 0.118156
0 1 0.198659
0 1 0.30886
0 1 0.250288
0 1 0.492571
0 1 0.388555
0 1 0.401456
0 1 0.323011
0 1 0.0695396
0 1 0.167885
0.259738 1 0
0.116144 1 0
0.120739 1 0
0.0186838 1 0
0.0494372 1 0
0 1 0.0614787
0 1 0.151359
0 1 0.207671
0 1 0.249883
0 1 0.319338
0 1 0.409705
0 1 0.518409
0 1 0.7312
0 1 0.693964
0 1 0.781937
0 1 0.594878
0 1 0.664363
0 1 0.741246
0 1 0.764454
0 1 0.8414
0 1 0.919731
0 1 0.985334
0 1 0.921132
0 0.942875 1
0 0.914173 1
0 0.873089 1
0 0.882085 1
0 0.913042 1
0 0.975913 1
0 1 0.969331
0 0.885488 1
0 0.893711 1
0 0.884608 1
0 1 0.958782
0 0.994641 1
0 0.887829 1
0 0.882922 1
0 1 0.966776
0 0.533942 1
0 0.607458 1
0 0.564198 1
0 0.666575 1
0 0.211993 1
0 0.223833 1
0 0.248382 1
0 0.0884742 1
0 0.105505 1
0 0.0795732 1
0 0.0619652 1
0 0.100127 1
0 0.132396 1
0 0.149873 1
0 0.00721356 1
0 0.104117 1
0 0.183533 1
0 0.166663 1
0 0.231453 1
0 0.146675 1
0 0.236497 1
0 0.078081 1
0 0.0202533 1
0 0.0447246 1
0 0.0409482 1
0 0.00230012 1
0 0 0
1 0.0536058 0
1 0.16757 0
1 0.0858508 0
1 0.268882 0
1 0.371041 0
1 0.297358 0
1 0.396864 0
1 0.0783752 0
1 0.00986527 0
1 0.0221443 0
1 0.00846464 0
1 0.0888328 0
1 0.471244 0
1 0.54015 0
1 0.444677 0
1 0.540721 0
1 0.610864 0
1 0.603073 0
1 0.559038 0
1 0.335882 0
1 0.245444 0
1 0.212012 0
1 0.349443 0
1 0.420097 0
1 0.452412 0
1 0.134497 0
1 0.0442 0
1 0.138991 0
1 0.201387 0
1 0.448364 0
1 0.190534 0
1 0.0946738 0
1 0.170727 0
1 0.523535 0
1 0.532434 0
1 0.496606 0
1 0.317148 0
1 0.23891 0
1 0.295968 0
1 0.19464 0
1 0.657541 0
1 0.624084 0
1 0.733655 0
1 0.342328 0
1 0.351692 0
1 0.37635 0
1 0.437501 0
1 0.351667 0
1 0.716297 0
1 0.593752 0
1 0.278929 0
1 0.314831 0
1 0.326599 0
1 0.225365 0
1 0.243167 0
1 0.417735 0
1 0.703678 0
1 0.642261 0
1 0.584171 0
1 0.426699 0
1 0.462471 0
1 0.303288 0
1 0.744195 0
1 0.260786 0
1 0.344372 0
1 0.2543 0
1 0.430656 0
1 0.337941 0
1 0.385157 0
1 0.701351 0
1 0.795467 0
1 0.766374 0
1 0.745343 0
1 0.658271 0
0.827336 1 0
0.835897 1 0
0.902519 1 0
0.770318 1 0
1 0.93573 0
1 0.866952 0
1 0.977983 0
1 0.426899 0
1 0.84759 0
1 0.803165 0
1 0.902709 0
1 0.765545 0
1 0.389719 0
1 0.508715 0
1 0.537948 0
1 0.795972 0
1 0.857968 0
0.914804 1 0
1 0.998133 0
0.963032 1 0
0.947585 1 0
1 0.916742 0
1 0.918485 0
1 0.571698 0
1 0.52224 0
1 0.612793 0
0.936328 1 0
0.969162 1 0
1 0.840169 0
0.842492 1 0
0.686776 1 0
0.703856 1 0
0.82484 1 0
0.76298 1 0
1 0.695019 0
1 0.764586 0
1 0.6774 0
1 0.597937 0
1 0.669096 0
1 0.816175 0
1 0.713095 0
1 0.486926 0
1 0.516388 0
1 0.58599 0
1 0.502798 0
1 0.871995 0
1 0.548707 0
1 0.920126 0
1 0.981859 0
1 0.992641 0
1 0.823766 0
1 0.934597 0
0.92317 1 0
0.909756 1 0
0.77794 1 0
0.866297 1 0
0.948692 1 0
0.981214 1 0
1 0.997398 0
1 0.957582 0
1 0.703193 0
1 0.431322 0
1 0.87592 0
0.673993 1 0
0.715335 1 0
0.844377 1 0
0.75268 1 0
1 0.775499 0
1 0.76408 0
0.640656 1 0
0.668888 1 0
0.607443 1 0
0 1 0.0659044
0.00261049 1 0
0 1 0.0101242
0.00729578 1 0
0 1 0.109906
0 1 0.103659
0.133817 1 0
0.0941398 1 0
1 0.982896 0
0.883631 1 0
0.922292 1 0
0.961274 1 0
0.552062 1 0
0.56584 1 0
0.619041 1 0
0.525867 1 0
0.613803 1 0
0.545632 1 0
0.561397 1 0
0.585781 1 0
0.880241 1 0
0.980152 1 0
1 0.627972 0
1 0.132808 0
1 0.0597301 0
1 0.030333 0
1 0.11252 0
1 0.0179023 0
1 0.104104 0
1 0.274899 0
1 0.0101407 0
1 0.303962 0
1 0.690231 0
1 0.729669 0
1 0.768754 0
1 0.634826 0
1 0.578853 0
1 0.784655 0
1 0.402763 0
1 0.355632 0
1 0.41689 0
1 0.814343 0
1 0.825384 0
1 0.481131 0
1 0.523402 0
1 0.886883 0
1 0.26964 0
1 0.172394 0
1 0.403232 0
1 0.159677 0
1 0.567093 0
1 0.915059 0
1 0.486067 0
1 0.833009 0
1 0.965347 0
1 0.515316 0
1 0.56099 0
1 0.597991 0
1 0.219703 0
1 0.178047 0
1 0.113048 0
1 0.170373 0
1 0.380965 0
1 0.093653 0
1 0.548202 0
1 0.34853 0
1 0.186421 0
1 0.113491 0
1 0.195691 0
1 0.131832 0
1 0.57087 0
1 0 0
1 0.306053 0
0.925034 1 0
1 0.999246 0
1 0.992424 0
0.905676 1 0
0.948574 1 0
0.803078 1 0
0.825088 1 0
0.786545 1 0
0.775914 1 0
0.815296 1 0
0.871138 1 0
0.73736 1 0
0.727391 1 0
0.934686 1 0
0.993566 1 0
0.961948 1 0
0.83263 1 0
0.57211 1 0
0.616223 1 0
0.625571 1 0
0.549291 1 0
0.656944 1 0
0.575128 1 0
0.71426 1 0
0.851711 1 0
0.760692 1 0
0.822484 1 0
0.684594 1 0
0.846364 1 0
0.721116 1 0
0.591324 1 0
0.643437 1 0
0.61746 1 0
0.683256 1 0
0.746435 1 0
0.773668 1 0
0.749584 1 0
0.691331 1 0
0.64725 1 0
0.640994 1 0
0.584564 1 0
0.546733 1 0
0.532274 1 0
0.54276 1 0
0.493361 1 0
0.460701 1 0
0.443026 1 0
0.378189 1 0
0.568003 1 0
0.493477 1 0
0.593684 1 0
0.533256 1 0
0.514621 1 0
0.494736 1 0
0.331547 1 0
0.429538 1 0
0.42567 1 0
0.507666 1 0
0.494243 1 0
0.237465 1 0
0.147803 1 0
0.196976 1 0
0 1 0.0354733
0.0373802 1 0
0.0340694 1 0
0 1 0.106691
0 1 0.0131519
0 1 0.089797
0 1 0.150641
0 1 0.20438
0 1 0.286539
0 1 0.213813
0 1 0.277951
0 1 0.371393
0 1 0.433355
0 1 0.398669
0 1 0.496563
0 1 0.605258
0 1 0.449688
0 1 0.535901
0 0.927159 1
0 0.988046 1
0 0.904742 1
0 0.888994 1
0 0.880728 1
0 1 0.955813
0 1 0.949125
0 1 0.840837
0 1 0.738241
0 1 0.624525
0 0.826561 1
0 0.686038 1
0 0.783829 1
0 0.836056 1
0 0.787846 1
0 0.811672 1
0 0.862644 1
0 0.721996 1
0 0.702814 1
0 0.649455 1
0 0.596233 1
0 0.685637 1
0 0.60466 1
0 0.492479 1
0 0.400814 1
0 0.481768 1
0 0.443891 1
0 0.428633 1
0 0.322758 1
0 0.512245 1
0 0.281971 1
0 0.327751 1
0 0.300863 1
0 0.227659 1
0 0.402515 1
0 0.501329 1
0 0.43377 1
0 0.38867 1
0 0.221914 1
0 0.382991 1
0 0.255056 1
0 0.336769 1
0 0.35055 1
0 0.419619 1
0 0.291582 1
0 0.264206 1
0 0.423539 1
0 0.373383 1
0 0.285968 1
0 0.408134 1
0 0.48558 1
0 0.502046 1
0 0.582026 1
0 0.459181 1
0 0.726519 1
0 0.65242 1
0 0.649962 1
0 1 0.902159
0 1 0.99465
0 1 0.991111
0 1 0.760238
0 1 0.943164
0 0.92561 1
0 0.898029 1
0 0.855076 1
0 1 0.695956
0 1 0.764682
0 1 0.786109
0 1 0.86383
0 1 0.292164
0 1 0.23061
0 1 0.150107
0 1 0.0945392
0 1 0.477601
0 1 0.10427
0 1 0.149265
0 1 0.291026
0 1 0.195955
0 1 0.376964
0 1 0.570884
0 1 0.691796
0 1 0.0365947
0 1 0.617999
0 1 0.567438
0 1 0.545407
0 1 0.719748
0 1 0.712701
0 1 0.0969899
0.0380123 1 0
0 1 0.0245862
0 1 0.186351
0 1 0.14584
0.121403 1 0
0.210106 1 0
0.27655 1 0
0.454514 1 0
0.35765 1 0
0.364798 1 0
0.208373 1 0
0 1 0.344835
0 1 0.368774
0 1 0.273509
0 1 0.544211
0 1 0.453288
0 1 0.627614
0 1 0.962095
0 1 0.883672
0 1 0.911584
0 1 0.818445
0 0.977864 1
0 0.964187 1
0 0.842523 1
0 0.748462 1
0 0.665725 1
0 0.729087 1
0 0.679529 1
0 0.775538 1
0 0.885443 1
0 1 0.805176
0 1 0.770811
0 1 0.891281
0 1 0.964604
0 0.917093 1
0 1 0.477426
0 1 0.690042
0 1 0.596898
0 1 0.700609
0 1 0.487707
0 1 0.403637
0 1 0.462115
0 1 0.116837
0 1 0.207672
0 1 0.18865
0 1 0.343624
0 1 0.314904
0 1 0.283076
0 1 0.493813
0 1 0.91571
0 1 0.820243
0 0.861589 1
0 1 0.996918
0 1 0.642056
0 1 0.106387
0 1 0.227786
0 1 0.413853
0 0.815657 1
0 1 0.778653
0 1 0.483077
0 0.692502 1
0 0.749316 1
0 0.703631 1
0 0.807108 1
0 0.641522 1
0 0.592598 1
0 0.765066 1
0 0.932258 1
0 0.917995 1
0 1 0.936702
0 0.893398 1
0 0.758968 1
0 0.816679 1
0 0.872361 1
0 0.985584 1
0 0.900705 1
0 0.684868 1
0 0.649828 1
0 1 0.834828
0 1 0.86877
0 1 0.928216
0 1 0.749785
0 1 0.81706
0 1 0.74786
0 1 0.987899
0 0.900613 1
0 0.967455 1
0 1 0.907666
0 0.79796 1
0 0.841555 1
0 1 0.563504
0 1 0.508571
0 1 0.485279
0 1 0.537659
0 1 0.689645
0 1 0.724784
0 1 0.528408
0 1 0.630855
0 1 0.531069
0 1 0.607419
0 1 0.488382
0 1 0.452721
0 1 0.547183
0 1 0.436374
0 1 0.655034
0 1 0.625852
0 1 0.692234
0 1 0.697697
0 1 0.800684
0 1 0.81678
0 1 0.923284
0 1 0.913676
0 1 0.999355
0 0.986165 1
0 0.898485 1
0 1 0.72125
0 0.734202 1
0 0.847928 1
0 0.733931 1
0 0.77582 1
0 1 0.82449
0 1 0.859149
0 1 0.964736
0 0.869167 1
0 0.785278 1
0 1 0.863703
0 0.789447 1
0 0.856708 1
0 0.942845 1
0 0.699146 1
0 0.644564 1
0 0.512688 1
0 0.564826 1
0 0.50672 1
0 0.591859 1
0 0.472881 1
0 0.416847 1
0 0.487246 1
0 0.543498 1
0 0.726574 1
0 0.637132 1
0 0.818944 1
0 0.819138 1
0 1 0.936067
0 1 0.466142
0 1 0.373033
0 1 0.393545
0 1 0.545861
0 1 0.109267
0 1 0.0153174
0 1 0.0552538
0.0778757 1 0
0.0230765 1 0
0 1 0.190178
0 1 0.204783
0 1 0.628919
0 1 0.284146
0 1 0.341399
0 1 0.129985
0 1 0.219586
0 1 0.577762
0 1 0.0357204
0 1 0.305137
0 1 0.373846
0 1 0.375132
0 1 0.444847
0 1 0.355005
0 1 0.31506
0.356836 1 0
0.347788 1 0
0.439615 1 0
0.294707 1 0
0.389971 1 0
0.280878 1 0
0.382211 1 0
0.194483 1 0
0.315156 1 0
0.221323 1 0
0.361223 1 0
0.281024 1 0
0.368922 1 0
0.294971 1 0
0.412371 1 0
0.158103 1 0
0.250594 1 0
0.121666 1 0
0.0777179 1 0
0.0720991 1 0
0.0187134 1 0
0.098185 1 0
0.0293814 1 0
0.173273 1 0
0.298714 1 0
0.38418 1 0
0.460695 1 0
0.495861 1 0
0.688724 1 0
0.727956 1 0
0.634688 1 0
0.746369 1 0
0.61864 1 0
0.836284 1 0
0.895733 1 0
0.914481 1 0
0.819646 1 0
0.649575 1 0
0.719564 1 0
0.582264 1 0
0.490244 1 0
0.399937 1 0
0.450354 1 0
0.184098 1 0
0.0763545 1 0
0.176892 1 0
0.0416324 1 0
0 1 0.0675746
0 1 0.102664
0.0510852 1 0
0 1 0.0192837
0.15527 1 0
0.172475 1 0
0.138469 1 0
0.224122 1 0
0.31797 1 0
0.344756 1 0
0.410679 1 0
0.378183 1 0
0.575542 1 0
0.439181 1 0
0.502833 1 0
0.498607 1 0
0.636432 1 0
0.626473 1 0
0.729349 1 0
0.390111 1 0
0.281008 1 0
0.370354 1 0
0.287975 1 0
0.23063 1 0
0.648824 1 0
0.743208 1 0
0.739551 1 0
0.819108 1 0
0.765344 1 0
0.823145 1 0
0.537089 1 0
0.383103 1 0
0.285899 1 0
0.261042 1 0
0.304333 1 0
0.480303 1 0
0.198694 1 0
0.581497 1 0
0.510783 1 0
0.613918 1 0
0.407987 1 0
0.44337 1 0
0.710337 1 0
0.659212 1 0
0 1 0.047819
0.0218389 1 0
0.0442684 1 0
0 1 0.0670972
0 1 0.12423
0.152917 1 0
0.0898331 1 0
0.0953482 1 0
0.253941 1 0
0.361915 1 0
0.270247 1 0
0.4551 1 0
0.310816 1 0
0.244627 1 0
0.227304 1 0
0.0127631 1 0
0.754045 1 0
0.764825 1 0
0.0847898 1 0
0.00767604 1 0
0.420076 1 0
0.441527 1 0
0.474068 1 0
0.380268 1 0
0.34726 1 0
0.28379 1 0
0.483806 1 0
0.53834 1 0
0.385329 1 0
0.664467 1 0
0.633506 1 0
0.633001 1 0
0.496465 1 0
0.421343 1 0
0.333032 1 0
0.327238 1 0
0.00448828 1 0
0.0963656 1 0
0.0843914 1 0
0.170995 1 0
0.177018 1 0
0.257328 1 0
0 1 0.0799837
0 1 0.0587642
0 1 0.152803
0 1 0.200911
0 1 0.140004
0 1 0.213423
0 1 0.0800637
0 1 0.234967
0 1 0.201021
0 1 0.165337
0.64073 1 0
0.689994 1 0
0.732521 1 0
0.871154 1 0
0.784899 1 0
0.603951 1 0
0.778931 1 0
0.677133 1 0
0 1 0.0863482
0 1 0.0187697
0 1 0.0908494
0.15935 1 0
0.154403 1 0
0.169061 1 0
0.28409 1 0
0.19085 1 0
0.326042 1 0
0.348455 1 0
0.517626 1 0
0.37793 1 0
0.410802 1 0
0 1 0.109077
0 1 0.0130334
0 1 0.0402119
0 1 0.166344
1 0.783215 0
1 0.71404 0
1 0.737431 0
1 0.831682 0
1 0.918532 0
1 0.86708 0
1 0.878309 0
1 0.800454 0
0.912402 1 0
0.987457 1 0
0.858178 1 0
0.915043 1 0
0.775158 1 0
0.815396 1 0
0.603437 1 0
0.572366 1 0
0.660025 1 0
0.307663 1 0
0.228045 1 0
0.261879 1 0
0.0330423 1 0
0.112131 1 0
0.132388 1 0
0.49076 1 0
0.5447 1 0
0.435238 1 0
0.414175 1 0
0.203036 1 0
0.727744 1 0
1 0.980126 0
0.270068 1 0
0.488289 1 0
0.344965 1 0
0.298617 1 0
0.044279 1 0
0.116977 1 0
0.10211 1 0
0.639665 1 0
0.584337 1 0
0.8459 1 0
0.752036 1 0
0.526639 1 0
0.414767 1 0
0.452588 1 0
0.358917 1 0
1 0.978231 0
1 0.943989 0
0.979066 1 0
0.925305 1 0
1 0.798811 0
1 0.865159 0
0.649535 1 0
0.724088 1 0
0.627117 1 0
0.186521 1 0
0.118544 1 0
0.100204 1 0
0 1 0.0189122
0.0813183 1 0
0.0270908 1 0
0 1 0.187833
0 1 0.096665
0 1 0.193054
0 1 0.289624
0.180847 1 0
0.2606 1 0
0.311371 1 0
0.402129 1 0
0 1 0.0983603
0 1 0.00453524
1 0.834495 0
1 0.758166 0
0 1 0.286538
0.875316 1 0
0.82457 1 0
0.775867 1 0
0.600723 1 0
0.497567 1 0
0.547355 1 0
0.364928 1 0
0.379846 1 0
0.60413 1 0
0.130576 1 0
0.0771457 1 0
0.953306 1 0
0.854222 1 0
0.283567 1 0
0.178362 1 0
0.704029 1 0
0.703861 1 0
0.777244 1 0
1 0.784065 0
1 0.884056 0
1 0.855073 0
1 0.478454 0
1 0.541265 0
1 0.484715 0
0.78389 1 0
0.410712 1 0
0.313312 1 0
0.390174 1 0
1 0.9488 0
0.555731 1 0
0.478393 1 0
0.236354 1 0
0.712926 1 0
0.773834 1 0
0.688354 1 0
0.850125 1 0
0.791417 1 0
0.950527 1 0
0.9088 1 0
0.378779 1 0
0.360012 1 0
0.313705 1 0
0.484999 1 0
0.542976 1 0
0.610153 1 0
0.420587 1 0
0.413051 1 0
0.285322 1 0
0.227027 1 0
0.172724 1 0
0.164767 1 0
0.344468 1 0
0.569914 1 0
0.645871 1 0
0.906087 1 0
0.950355 1 0
1 0.994556 0
1 0.950596 0
0.97269 1 0
1 0.93906 0
0.714308 1 0
0.9805 1 0
1 0.960048 0
1 0.981598 0
1 0.877485 0
1 0.843966 0
1 0.944884 0
0.826337 1 0
0.867938 1 0
0.760732 1 0
0.907439 1 0
0.983186 1 0
0.667875 1 0
0.778877 1 0
0.634182 1 0
0.592882 1 0
0.545131 1 0
0.646897 1 0
0.707555 1 0
0.534457 1 0
0.599055 1 0
0.688378 1 0
0.710798 1 0
0.55591 1 0
0.605725 1 0
0.671926 1 0
0.665217 1 0
0.494535 1 0
0.457212 1 0
0.551292 1 0
0.46184 1 0
0.66417 1 0
0.50658 1 0
0.641349 1 0
0.440279 1 0
0.542062 1 0
0.47784 1 0
0.43345 1 0
0.417779 1 0
0.40289 1 0
0.384264 1 0
0.445264 1 0
0.195326 1 0
0.230267 1 0
0.0849715 1 0
0.00264481 1 0
0.101388 1 0
0 1 0.0386646
0.0907585 1 0
0.162652 1 0
0.0444471 1 0
0 1 0.0562517
0 1 0.0576356
0.0555404 1 0
0.0316997 1 0
0.147374 1 0
0.284101 1 0
0.210778 1 0
0.24735 1 0
0.35594 1 0
0.468276 1 0
0.421144 1 0
0.417566 1 0
0.561977 1 0
0.67465 1 0
0.698692 1 0
0.558859 1 0
0.686106 1 0
0.670002 1 0
0.31155 1 0
0.46246 1 0
0.320874 1 0
0.167739 1 0
0.0929823 1 0
0.513992 1 0
0.426161 1 0
0 1 0.0694151
0.0109148 1 0
0 1 0.026902
0.212332 1 0
0.255526 1 0
0.13579 1 0
0.0899395 1 0
0.222081 1 0
0.349735 1 0
0.346595 1 0
0.115264 1 0
0.025947 1 0
0.170566 1 0
0.0285398 1 0
0.343441 1 0
0.363011 1 0
0.272112 1 0
0.231718 1 0
0.426017 1 0
0.625417 1 0
0.625777 1 0
0.540342 1 0
0.523058 1 0
0.320782 1 0
0.345929 1 0
0.427986 1 0
0.356347 1 0
0.11728 1 0
0.224909 1 0
0.205555 1 0
0.292178 1 0
0.383998 1 0
0.286563 1 0
0.207439 1 0
0.286393 1 0
0.320231 1 0
0.202609 1 0
0.34945 1 0
0.543563 1 0
0.44194 1 0
0.527898 1 0
0.339326 1 0
0.481285 1 0
0.446368 1 0
0.350365 1 0
0.612054 1 0
0.511835 1 0
0.614313 1 0
0.632048 1 0
0.575863 1 0
0.441278 1 0
0.492988 1 0
0 0.738198 1
0 0.835153 1
0 0.791373 1
0 0.789395 1
0 0.908937 1
0 0.923969 1
0 0.916797 1
0 0.996566 1
0 1 0.931389
0 0.993949 1
0 0.796543 1
0 0.723759 1
0 0.72932 1
0 0.743281 1
0 0.651437 1
0 0.694044 1
0 0.982232 1
0 0.930399 1
0 0.848233 1
0 0.893007 1
0 0.779345 1
0 1 0.912303
0 1 0.923601
0 1 0.854844
0 1 0.800001
0 1 0.993545
0 1 0.826771
0 1 0.971881
0 1 0.849974
0 1 0.913648
0 1 0.826203
0 1 0.839876
0 1 0.798293
0 0.969949 1
0 1 0.973896
0 1 0.977672
0 0.939818 1
0 0.805688 1
0 0.890945 1
0 0.832077 1
0 0.875856 1
0 0.750196 1
0 0.804743 1
0 0.72276 1
0 0.649867 1
0 0.694335 1
0 0.606432 1
0 0.613341 1
0 0.573413 1
0 0.575786 1
0 0.52997 1
0 0.555001 1
0 0.526389 1
0 0.614034 1
0 0.571121 1
0 0.670355 1
0 0.718746 1
0 0.682026 1
0 0.595031 1
0 0.558754 1
0 0.585868 1
0 0.541925 1
0 0.477233 1
0 0.52497 1
0 0.442888 1
0 0.37551 1
0 0.300045 1
0 0.352949 1
0 0.332693 1
0 0.39722 1
0 0.514672 1
0 0.395498 1
0 0.49673 1
0 0.564483 1
0 0.485091 1
0 0.343417 1
0 0.262823 1
0 0.196743 1
0 0.198337 1
0 0.212162 1
0 0.207323 1
0 0.151071 1
0 0.157071 1
0 0.137692 1
0 0.134279 1
0 0.138735 1
0 0.0680173 1
0 0.0719416 1
0 0.144655 1
0 0.119634 1
0 0.0397765 1
0 0.173557 1
0 0.227241 1
0 0.172661 1
0 0.111942 1
0 0.15833 1
0 0.0890722 1
0 0.204304 1
0 0.122147 1
0 0.0213308 1
0 0.0220816 1
0 0.134521 1
0 0.0218945 1
0 0.330208 1
0 0.430409 1
0 0.0787453 1
0 0.272954 1
0 0.256762 1
0 0.30845 1
0 0.311291 1
0 0.199584 1
0 0.53936 1
0 0.610807 1
0 0.536118 1
0 0.484188 1
0 0.490495 1
0 0.431512 1
0 0.36221 1
0 0.756148 1
0 0.645455 1
0 0.693044 1
0 0.829325 1
0 0.902387 1
0 0.997796 1
0 0.957521 1
0 0.875769 1
0 1 0.952502
0 1 0.917008
0 1 0.861382
0 1 0.850948
0 1 0.809675
0 1 0.795544
0 1 0.817869
0 1 0.902056
0 1 0.729441
0 1 0.63872
0 1 0.684993
0 1 0.647195
0 1 0.569916
0 1 0.507226
0 1 0.49673
0 1 0.430453
0 1 0.469213
0 1 0.434979
0 1 0.388763
0 1 0.360782
0 1 0.446346
0 1 0.325823
0 1 0.33863
0 1 0.317107
0 1 0.356549
0 1 0.179311
0 1 0.238204
0 1 0.155615
0 1 0.254599
0 1 0.091111
0 1 0.0638204
0 1 0.0192859
0.0509565 1 0
0.079982 1 0
0 1 0.153756
0 1 0.278448
0 1 0.226488
0 1 0.235672
0 1 0.179354
0 1 0.272062
0 1 0.26826
0 1 0.292694
0 1 0.318506
0 1 0.34093
0 1 0.241793
0 1 0.201473
0 1 0.127316
0 1 0.0919243
0 1 0.130783
0 1 0.189285
0 1 0.0607506
0 1 0.119799
0 1 0.191785
0 1 0.295552
0 1 0.249281
0 1 0.32735
0 1 0.307625
0 1 0.376259
0 1 0.435114
0 1 0.311079
0 1 0.247231
0 1 0.153058
0 1 0.0653583
0.048627 1 0
0.158237 1 0
0.137709 1 0
0.212494 1 0
0.0740782 1 0
0.193423 1 0
0.109476 1 0
0.193372 1 0
0.284965 1 0
0.305434 1 0
0.300715 1 0
0.362338 1 0
0.0872204 1 0
0.324107 1 0
0.0160351 1 0
0 1 0.151667
0 1 0.307143
0 1 0.464214
0 1 0.648977
0 1 0.632616
0 1 0.525666
0 1 0.73766
0 1 0.9888
0 1 0.917769
0 1 0.929526
0 1 0.870721
0 1 0.790402
0 1 0.845496
0 0.87629 1
0 0.971822 1
0 0.894919 1
0 0.795778 1
0 0.779068 1
0 1 0.994017
0 1 0.891147
0 1 0.945921
0 1 0.919194
0 1 0.977881
0 1 0.891949
0 1 0.790186
0 1 0.721645
0 1 0.782621
0 1 0.640365
0 1 0.691725
0 1 0.588425
0 1 0.667293
0 1 0.523051
0 1 0.473478
0 1 0.484146
0 1 0.58979
0 1 0.543912
0 1 0.660033
0 1 0.73842
0 1 0.736712
0 1 0.634399
0 1 0.743539
0 1 0.724163
0 1 0.547938
0 1 0.370137
0 1 0.414898
0 1 0.462734
0 1 0.556761
0 1 0.700869
0 0.655474 1
0 0.605121 1
0 0.565962 1
0 0.567128 1
0 0.472097 1
0 0.92021 1
0 1 0.813611
0 1 0.139688
0.000215209 1 0
0.0932478 1 0
0 1 0.062415
0 1 0.159506
0 1 0.299639
0.234979 1 0
0.398999 1 0
0.482825 1 0
0.372384 1 0
0.293635 1 0
0.213969 1 0
0.499881 1 0
0.297495 1 0
0.379446 1 0
0.343204 1 0
0.0720551 1 0
0.00345487 1 0
0.112483 1 0
0.0313788 1 0
0 1 0.090068
0 1 0.0644478
0 1 0.0176083
0.189482 1 0
0.0860484 1 0
0.163118 1 0
0.106156 1 0
0 1 0.0748976
0 1 0.171048
0 1 0.205349
0 1 0.117739
0 1 0.195385
0 1 0.132229
0 1 0.233254
0 1 0.191567
0 1 0.050123
0 1 0.0671645
0 1 0.0321368
0 1 0.144421
0 1 0.237936
0 1 0.231142
0 1 0.33216
0 1 0.323151
0 1 0.33385
0 1 0.387626
0 1 0.330855
0 1 0.248591
0 1 0.271966
0 1 0.405697
0 1 0.430696
0 1 0.493084
0 1 0.530643
0 1 0.622276
0 1 0.669985
0 1 0.529715
0 1 0.436927
0 1 0.639207
0 1 0.698798
0 1 0.68542
0 1 0.668083
0 1 0.747844
0 1 0.750998
0 1 0.758605
0 1 0.795221
0 1 0.759028
0 1 0.785287
0 1 0.723156
0 1 0.853087
0 1 0.688097
0 1 0.666229
0 1 0.905227
0 1 0.948837
0 0.937161 1
0 0.728469 1
0 0.864983 1
0 0.692203 1
0 0.947932 1
0 1 0.897845
0 1 0.903842
0 1 0.844401
0 1 0.851933
0 1 0.76895
0 1 0.884885
0 1 0.976638
0 0.829665 1
0 0.847231 1
0 0.977088 1
0 1 0.942421
0 1 0.631283
0 1 0.563699
0 1 0.584179
0 1 0.497674
0 1 0.511912
0 1 0.492722
0 1 0.415942
0 1 0.381563
0 1 0.36824
0 1 0.438096
0 1 0.420805
0 1 0.417372
0 1 0.315547
0 1 0.268068
0 1 0.336883
0 1 0.416577
0 1 0.096239
0 1 0.187837
0.0482732 1 0
0.0707476 1 0
0.135602 1 0
0.193169 1 0
0 1 0.0467979
0 1 0.0464712
0 1 0.140285
0 1 0.233933
0 1 0.166917
0 1 0.114437
0 1 0.181167
0.20749 1 0
0.286021 1 0
0.375874 1 0
0.368936 1 0
0.221856 1 0
0.446958 1 0
0.359275 1 0
0.506849 1 0
0.546562 1 0
0.433592 1 0
0.546564 1 0
0.025486 1 0
0.289994 1 0
0.389094 1 0
0 1 0.0274605
0 1 0.153841
0 1 0.284414
0 1 0.238601
0 1 0.311686
0 1 0.101126
0.587406 1 0
0.463229 1 0
0.54659 1 0
0.462439 1 0
0.0281373 1 0
0.13467 1 0
0.169642 1 0
0.477379 1 0
0.476682 1 0
0 0.998215 1
0 1 0.978107
0 1 0.919651
0 0.939351 1
0 0.963749 1
0 0.790134 1
0 1 0.947989
0 0.523001 1
0 0.442089 1
0 0.492964 1
0 0.447423 1
0 0.486597 1
0 0.390465 1
0 0.839924 1
0.0480988 1 0
0.0496457 1 0
0.0298444 1 0
0.106914 1 0
0.170899 1 0
0.246947 1 0
0.429744 1 0
0.504247 1 0
0.109881 1 0
0.150972 1 0
0.614936 1 0
0.649813 1 0
0.00553538 1 0
7.71431e-06 1 0
0 1 0.0377351
0 1 0.0375159
0.279925 1 0
1 0.830626 0
1 0.776686 0
1 0.747305 0
1 0.781671 0
1 0.891243 0
1 0.861153 0
1 0.820891 0
1 0.789057 0
1 0.880998 0
1 0.94701 0
0.992175 1 0
1 0.778555 0
1 0.953954 0
0.714927 1 0
1 0.47474 0
0.637229 1 0
0.730295 1 0
0.827717 1 0
0.965128 1 0
0.889806 1 0
1 0.584326 0
1 0.676599 0
1 0.651256 0
0.572462 1 0
0.636173 1 0
0.920493 1 0
0.661715 1 0
0.596342 1 0
0.489226 1 0
0.449473 1 0
0.521807 1 0
0.312831 1 0
0.252852 1 0
0.241059 1 0
0.175507 1 0
0.0255546 1 0
0 1 0.0357747
0 1 0.076681
0 1 0.148774
0 1 0.103749
0.227451 1 0
0.124062 1 0
0.310005 1 0
0.370968 1 0
0.067704 1 0
0.0192861 1 0
0 1 0.170548
0 1 0.230023
0 1 0.230986
0 1 0.142931
0.0880209 1 0
0.235018 1 0
0 1 0.249472
0 1 0.267439
0 1 0.187473
0 1 0.276781
0 1 0.0827651
1 0.97772 0
1 0.619713 0
1 0.701122 0
1 0.641247 0
1 0.649533 0
1 0.887088 0
1 0.910698 0
1 0.832442 0
1 0.946964 0
0.965792 1 0
0.713443 1 0
0.532887 1 0
0.450741 1 0
0 1 0.0123923
0.0540571 1 0
0.0160269 1 0
0 1 0.0108496
0 1 0.107962
1 0.742963 0
1 0.721027 0
1 0.653449 0
1 0.631689 0
1 0.52451 0
1 0.560943 0
1 0.906066 0
0.158494 1 0
0 1 0.182235
1 0.702123 0
1 0.665519 0
1 0.621682 0
1 0.569276 0
1 0.730067 0
1 0.687441 0
1 0.670218 0
1 0.66974 0
1 0.614887 0
1 0.591986 0
0.546355 1 0
0.474823 1 0
0.546466 1 0
0.25957 1 0
0.19405 1 0
0.184335 1 0
0.136918 1 0
0 1 0.109321
0 1 0.13971
0 1 0.17135
0 1 0.168958
0 1 0.0419583
0.0183143 1 0
0.0714449 1 0
0 1 0.0589602
0.102922 1 0
0.516956 1 0
0.458988 1 0
0.456682 1 0
0.424557 1 0
0.4847 1 0
0.15958 1 0
0.250462 1 0
0.30321 1 0
0.392432 1 0
0.396282 1 0
0.393765 1 0
1 0.69469 0
1 0.635527 0
1 0.621923 0
0.989384 1 0
0.951579 1 0
1 0.938644 0
0.521588 1 0
0.327017 1 0
0.356451 1 0
0.732101 1 0
0.737833 1 0
0.667926 1 0
0.776925 1 0
1 0.554035 0
1 0.598591 0
0.918501 1 0
0.862836 1 0
0.820685 1 0
1 0.980137 0
1 0.923549 0
1 0.872518 0
0.464423 1 0
0.992827 1 0
0.901473 1 0
0.811735 1 0
0.737998 1 0
1 0.777759 0
1 0.801082 0
1 0.702755 0
0.586267 1 0
0.507581 1 0
0.661452 1 0
0.73431 1 0
1 0.600189 0
1 0.50041 0
1 0.437831 0
1 0.521391 0
1 0.52557 0
1 0.437684 0
1 0.447147 0
1 0.568165 0
1 0.627787 0
1 0.715031 0
1 0.881441 0
1 0.715931 0
1 0.523643 0
0.89011 1 0
1 0.438614 0
1 0.455497 0
0.934411 1 0
0.96728 1 0
1 0.972157 0
0.345379 1 0
0.59362 1 0
0.589895 1 0
1 0.478584 0
1 0.754545 0
1 0.719767 0
1 0.598808 0
1 0.492008 0
1 0.78369 0
1 0.560269 0
1 0.733381 0
1 0.787416 0
1 0.830801 0
0.305397 1 0
0.719557 1 0
0.781854 1 0
0.660185 1 0
1 0.905399 0
1 0.85597 0
1 0.523188 0
1 0.55138 0
1 0.686698 0
1 0.918383 0
0.863831 1 0
0.858029 1 0
0.916463 1 0
0.986483 1 0
1 0.971337 0
0.808078 1 0
1 0.788451 0
0.552179 1 0
0.608562 1 0
0.43893 1 0
0.621186 1 0
0.630057 1 0
0.700399 1 0
0.846134 1 0
0.784806 1 0
0.849202 1 0
0.910072 1 0
0.881252 1 0
0.846182 1 0
0.970739 1 0
1 0.829117 0
1 0.888539 0
1 0.829509 0
1 0.838127 0
1 0.871874 0
1 0.976789 0
1 0.904197 0
1 0.954122 0
0.98928 1 0
0.92016 1 0
1 0.884466 0
0.695052 1 0
0.632676 1 0
0.740219 1 0
0.755046 1 0
0.828402 1 0
1 0.861215 0
1 0.844749 0
0.807362 1 0
0.0572026 1 0
0.320161 1 0
1 0.877832 0
1 0.974966 0
0 1 0.204662
0 1 0.172655
0 1 0.144363
0 1 0.209026
0 1 0.167443
0 1 0.119094
0 1 0.204488
0.160763 1 0
0 1 0.0653984
0 1 0.0549681
0.034952 1 0
0.457695 1 0
0.540566 1 0
0.551888 1 0
0.337078 1 0
0.77055 1 0
0.883862 1 0
0.728687 1 0
0.819098 1 0
0.691375 1 0
0.73277 1 0
0.631967 1 0
0.542184 1 0
0.605302 1 0
0.596163 1 0
0 1 0.112546
0 1 0.0157457
0.046225 1 0
0.458331 1 0
0.357205 1 0
0.931415 1 0
0.259673 1 0
0.183008 1 0
0.108322 1 0
0.129728 1 0
0.264283 1 0
0 1 0.218712
0.19196 1 0
0 1 0.219668
0.190932 1 0
0 1 0.0369373
0 1 0.0704068
0 1 0.146259
0.152529 1 0
0.0689221 1 0
0.0846384 1 0
0.334982 1 0
0.410301 1 0
0 1 0.188027
0 1 0.266688
0 1 0.250483
0 1 0.141901
0 1 0.239569
0.542819 1 0
0.653299 1 0
0.495522 1 0
0.256587 1 0
0.368412 1 0
0.472511 1 0
0.212444 1 0
0.171996 1 0
0.141817 1 0
0.982128 1 0
1 0.951278 0
1 0.901979 0
0.835577 1 0
0.750557 1 0
0.875901 1 0
0.295453 1 0
0.68471 1 0
0.924408 1 0
0.992921 1 0
0.622633 1 0
0.635301 1 0
0.557754 1 0
0.807842 1 0
0.714044 1 0
0 1 0.0722235
0.584184 1 0
0.971544 1 0
0.72843 1 0
1 0.815987 0
1 0.843458 0
0.838206 1 0
1 0.944821 0
0 1 0.235017
0 1 0.151735
0.873968 1 0
0.899368 1 0
0.840437 1 0
1 0.586017 0
1 0.666148 0
1 0.682153 0
0 1 0.288495
0 1 0.198259
0 1 0.283106
0 1 0.109547
0 1 0.208017
0 1 0.273606
0.133706 1 0
1 0.751719 0
0.109858 1 0
0.205822 1 0
0.680342 1 0
0 1 0.190716
0 1 0.168452
0 1 0.1923
0.146883 1 0
0.175207 1 0
0 1 0.0671488
0.499215 1 0
0 1 0.123676
0 1 0.159836
0.57372 1 0
0.823977 1 0
0.773155 1 0
0.898475 1 0
0.963025 1 0
0.937104 1 0
0.993752 1 0
0.849174 1 0
0.796727 1 0
0.712545 1 0
0.942907 1 0
0.909452 1 0
0.938961 1 0
1 0.973348 0
1 0.965723 0
0.939057 1 0
0.851813 1 0
1 0.965617 0
1 0.991772 0
0.564488 1 0
0.52116 1 0
0.7693 1 0
0.39055 1 0
0.453277 1 0
0.0236141 1 0
0.0497172 1 0
0 1 0.058918
0 1 0.105549
0 1 0.00497579
0 1 0.00599553
0.1025 1 0
0.113972 1 0
0 1 0.132693
0.0529216 1 0
0 1 0.627686
0 0.863079 1
0 0.575354 1
0 0.605539 1
0 0.534664 1
0 0.521118 1
0 1 0.957399
0 0.971372 1
0 0.441419 1
0 0.717906 1
0.916027 1 0
1 0.971367 0
0.826058 1 0
0.796927 1 0
0.788817 1 0
0.907797 1 0
0 0.802451 1
0 0.824365 1
0 0.741156 1
0 0.656741 1
0 0.650768 1
0 0.74629 1
0 0.687594 1
0 0.626791 1
0 0.831073 1
0 0.750026 1
0 0.849843 1
0 0.681087 1
0 0.566932 1
0 0.510537 1
0 0.599602 1
0 0.599603 1
0 0.522753 1
0 0.453865 1
0 0.466854 1
0 0.397512 1
0 0.476212 1
0 0.374538 1
0 0.404684 1
0 0.390463 1
0 0.325805 1
0 0.290318 1
0 0.379508 1
0 0.319226 1
0 0.273919 1
0 0.451506 1
0 0.46153 1
0 0.437158 1
0 0.262396 1
0 0.204639 1
0 0.349201 1
0 0.306873 1
0 0.503224 1
0 0.788019 1
0 0.804158 1
0 0.799106 1
0 0.82114 1
0 0.646405 1
0 0.7047 1
0 0.465573 1
0 0.583512 1
0 0.169723 1
0 0.874604 1
0 0.948615 1
0 0.889623 1
0 0.947911 1
0 0.647875 1
0 0.676306 1
0 0.861008 1
0 1 0.935469
0 1 0.880126
0 1 0.868782
0 1 0.714645
0 1 0.768728
0 1 0.895973
0 1 0.829805
0 1 0.996462
0 1 0.621056
0 1 0.570458
0 1 0.450184
0 1 0.424842
0 1 0.366001
0 1 0.574541
0 1 0.561928
0 1 0.70271
0 1 0.667912
0 1 0.767469
0 1 0.568639
0 1 0.649341
0 1 0.482218
0 1 0.404165
0 1 0.332644
0 1 0.770998
0 1 0.631986
0 1 0.543116
0 1 0.46421
0 1 0.102831
0 1 0.0910616
0.145165 1 0
0 0.887324 1
0 0.885601 1
0 0.979905 1
0 0.998499 1
0 1 0.912406
0 1 0.959128
0 1 0.619556
0 1 0.582262
0 1 0.790384
0 1 0.886004
0 1 0.722706
0 1 0.675095
0 1 0.994519
0 1 0.928987
0 0.884803 1
0 1 0.982412
0 0.882818 1
0 1 0.891789
0 1 0.949874
0 0.876612 1
0 0.871502 1
0 0.937431 1
0 1 0.613345
0 1 0.488765
0 1 0.339152
0 1 0.254977
0 1 0.166988
0 1 0.0961496
0 1 0.729997
0 0.895716 1
0 0.882043 1
0 0.955503 1
0 0.893167 1
0 0.895474 1
0 1 0.732372
0 1 0.599227
0 1 0.655064
0 1 0.451604
0 1 0.381873
0 1 0.51188
0 1 0.582342
0 1 0.275072
0 1 0.975482
0 1 0.926049
0 1 0.945094
0 1 0.840958
0 1 0.91312
0 1 0.940364
0 0.974179 1
0 1 0.693788
0 1 0.761858
0 1 0.79482
0 1 0.565857
0 1 0.0408949
0.161545 1 0
0.301114 1 0
0.361372 1 0
0.461339 1 0
0.561298 1 0
0.588444 1 0
0.641593 1 0
0.692357 1 0
0.63105 1 0
0.5239 1 0
0.487827 1 0
0.595953 1 0
0.569647 1 0
0.557152 1 0
0.471176 1 0
0.443532 1 0
0.530359 1 0
0.381218 1 0
0.290251 1 0
0.276035 1 0
0 1 0.388204
0 1 0.314744
0 1 0.415103
0 1 0.467405
0 1 0.544848
0 1 0.0557465
0.0475307 1 0
0 1 0.0507366
0.0279955 1 0
0.0933701 1 0
0 1 0.229463
0 1 0.157524
0 1 0.118497
0 1 0.00473181
0.0455193 1 0
0 1 0.0576305
0 1 0.176104
0 1 0.240166
0 1 0.0729683
0 1 0.144187
0 1 0.581501
0 1 0.694043
0 1 0.636706
0 1 0.449703
0 1 0.40065
0 1 0.343378
0 1 0.490406
0 1 0.588507
0 1 0.294512
0 1 0.436857
0 1 0.522699
0 1 0.606959
0 1 0.818152
0 1 0.921964
0 1 0.941177
0 1 0.831128
0 1 0.74883
0 1 0.630518
0 1 0.814422
0 1 0.720986
0 0.908698 1
0 0.923256 1
0 0.817949 1
0 0.995163 1
0 0.998615 1
0 0.902716 1
0 0.833948 1
0 0.840636 1
0 0.859478 1
0 0.854653 1
0 1 0.976632
0 0.935358 1
0 0.793814 1
0 0.892806 1
0 0.867217 1
0 0.977209 1
0 0.987594 1
0 0.972647 1
0 0.900211 1
0 0.773219 1
0 0.7672 1
0 0.811426 1
0 0.749586 1
0 0.80311 1
0 0.808812 1
0 0.867422 1
0 1 0.914354
0 1 0.856657
0 1 0.920141
0 1 0.942369
0 1 0.738408
0.0916226 1 0
0 1 0.112403
0 1 0.392495
0 1 0.207315
0 1 0.240712
0.195896 1 0
0.121562 1 0
0.221507 1 0
0.235236 1 0
0.288302 1 0
0.625202 1 0
0.130691 1 0
0.0531001 1 0
0.403329 1 0
0.457751 1 0
0.00888083 1 0
0 1 0.154242
0.0450299 1 0
0 1 0.384428
0 1 0.0739604
0 1 0.289876
0 1 0.604275
0 1 0.808941
0 1 0.454703
0 1 0.664641
0 1 0.772963
0 1 0.87189
0 1 0.877446
0 1 0.935047
0 1 0.834418
0 1 0.841229
0 0.908301 1
0 0.859196 1
0 0.930564 1
0 0.935272 1
0 0.857398 1
0 0.936273 1
0 0.861258 1
0 0.93769 1
0 1 0.996681
0 1 0.693411
0.595245 1 0
0.62475 1 0
1 0.868649 0
0 1 0.172126
0 1 0.239261
0.202397 1 0
0.293017 1 0
0.718834 1 0
0.9215 1 0
0.807596 1 0
0.758221 1 0
0.739789 1 0
0.66917 1 0
0.59489 1 0
0.679135 1 0
0.709026 1 0
0.535351 1 0
0.492368 1 0
0.585706 1 0
0.608717 1 0
0.755731 1 0
0.632464 1 0
0.490615 1 0
0.36684 1 0
0.27184 1 0
0.248191 1 0
0.320698 1 0
0.394155 1 0
0.326336 1 0
0.141345 1 0
0.565586 1 0
0 1 0.940602
0 0.799515 1
0 1 0.699924
0 1 0.41908
0 1 0.380267
0 1 0.417083
0 1 0.301059
0 1 0.329404
0 1 0.339365
