1 0.862184 0
1 0.943733 0
1 0.866428 0
1 0.970017 0
0.998498 1 0
0.937011 1 0
0.720364 1 0
0.742119 1 0
0.659289 1 0
0.782752 1 0
0.978599 1 0
0.905798 1 0
0.867151 1 0
0.701496 1 0
0.834235 1 0
0.761912 1 0
0.979808 1 0
1 0.998713 0
0.862992 1 0
0.947263 1 0
0.937164 1 0
0.830527 1 0
0.730354 1 0
0.762062 1 0
1 0.955119 0
1 0.95129 0
0.848032 1 0
0.961176 1 0
0.833506 1 0
0.739129 1 0
0.554288 1 0
0.590071 1 0
0.636074 1 0
0.640697 1 0
0.542803 1 0
0.471337 1 0
0.45874 1 0
0.377645 1 0
0.439272 1 0
0.621902 1 0
0.534854 1 0
0.532122 1 0
0.577192 1 0
0.577207 1 0
0.398216 1 0
0.519317 1 0
0.420207 1 0
0.280128 1 0
0.201948 1 0
0.188408 1 0
0.103433 1 0
0.0674779 1 0
0.16743 1 0
0 1 0.00956829
0.0249458 1 0
0.0541144 1 0
0 1 0.0479937
0.13907 1 0
0.137606 1 0
0.260735 1 0
0.214925 1 0
0.400751 1 0
0.403271 1 0
0.379578 1 0
0.490823 1 0
0.586025 1 0
0.504332 1 0
0.240574 1 0
0.33755 1 0
0.255202 1 0
0.159838 1 0
0.279476 1 0
0.348531 1 0
0.320125 1 0
0.230532 1 0
0.228754 1 0
0.183555 1 0
0.317503 1 0
0.355233 1 0
0.270276 1 0
0.403569 1 0
0.477122 1 0
0.403597 1 0
0.49532 1 0
0.463738 1 0
0.605732 1 0
0.563396 1 0
0.411839 1 0
0.525371 1 0
0.635542 1 0
0.577329 1 0
0.588563 1 0
0.473784 1 0
0.691259 1 0
0.722129 1 0
0.769131 1 0
0.750215 1 0
0.816303 1 0
0.72922 1 0
0.518119 1 0
0.611898 1 0
0.664792 1 0
0.57774 1 0
0.650414 1 0
0.544009 1 0
0.477616 1 0
0.500192 1 0
0.92828 1 0
0.818095 1 0
0.843073 1 0
0.729518 1 0
0.775617 1 0
0.850173 1 0
0.951744 1 0
0.682628 1 0
0.75093 1 0
0.586621 1 0
0.674409 1 0
0.656378 1 0
0.490974 1 0
0.579745 1 0
0.496893 1 0
0.485536 1 0
0.570769 1 0
0.844129 1 0
0.836527 1 0
0.758278 1 0
1 0.97311 0
1 0.996389 0
1 0.966838 0
0.938939 1 0
1 0.918705 0
0.987181 1 0
1 0.98808 0
1 0.979287 0
1 0.886859 0
1 0.82046 0
1 0.774685 0
1 0.876634 0
1 0.820884 0
0.987032 1 0
1 0.980785 0
1 0.917757 0
0.951524 1 0
1 0.925875 0
0.878824 1 0
0.823242 1 0
0.834582 1 0
0.772652 1 0
0.954346 1 0
0.925477 1 0
0.904963 1 0
0.148978 1 0
0.161374 1 0
0.159005 1 0
0.203193 1 0
0.134163 1 0
0.302811 1 0
0.235161 1 0
0.326658 1 0
0.42211 1 0
0.396554 1 0
0.685561 1 0
0.638855 1 0
0.661208 1 0
0.549302 1 0
0.484509 1 0
0.387273 1 0
0.458829 1 0
0.27477 1 0
0.378737 1 0
0.734434 1 0
0.894777 1 0
0.803997 1 0
0.748356 1 0
0.722061 1 0
0.866682 1 0
0.751339 1 0
0.872325 1 0
0.928562 1 0
0.78011 1 0
0.708646 1 0
0.599507 1 0
0.53605 1 0
0.556329 1 0
0.651592 1 0
0.556618 1 0
0.554411 1 0
0.40856 1 0
0.330721 1 0
0.390683 1 0
0.421476 1 0
0.521713 1 0
0.312614 1 0
0.275082 1 0
0.271643 1 0
0.213476 1 0
0.165523 1 0
0.229563 1 0
0.238861 1 0
0.293789 1 0
0.140451 1 0
0.144612 1 0
0.0988635 1 0
0.0271569 1 0
0.0603978 1 0
0.137137 1 0
0.0941629 1 0
0 1 0.00477752
0 1 0.0420403
0 1 0.0270911
0 1 0.058969
0 1 0.100837
0 1 0.092331
0 1 0.19057
0 1 0.150295
0 1 0.223898
0 1 0.191689
0 1 0.528067
0 1 0.559316
0 1 0.472131
0 1 0.30606
0 1 0.398977
0 1 0.337694
0 1 0.235628
0 1 0.281191
0 1 0.297511
0 1 0.275204
0 1 0.327209
0 1 0.253276
0 1 0.288732
0 1 0.211462
0 1 0.171328
0 1 0.231363
0 1 0.170768
0 1 0.365815
0 1 0.183608
0 1 0.543977
0 1 0.499968
0 1 0.45469
0 1 0.580024
0 1 0.486941
0 1 0.537821
0 1 0.4457
0 1 0.420351
0 1 0.495279
0 1 0.337014
0 1 0.326069
0 0.675522 1
0 0.568493 1
0 0.631561 1
0 0.579115 1
0 0.666595 1
0 0.554905 1
0 0.991454 1
0 0.942754 1
0 1 0.985599
0 0.889179 1
0 0.93618 1
0 1 0.982674
0 0.821946 1
0 0.841824 1
0 0.736043 1
0 0.85353 1
0 0.598339 1
0 0.537884 1
0 0.532565 1
0 0.709487 1
0 0.785966 1
0 0.792741 1
0 0.446675 1
0 0.93067 1
0 0.829453 1
0 0.962897 1
0 0.879309 1
0 1 0.615265
0 1 0.631673
0 1 0.685
0 1 0.710918
0 1 0.566365
0 1 0.783988
0 1 0.817814
0 1 0.799565
0 1 0.762474
0 1 0.85758
0 1 0.715009
0 1 0.725167
0 1 0.668046
0 1 0.886869
0 1 0.965782
0 1 0.979843
0 0.960004 1
0 1 0.937067
0 1 0.951581
0 0.873895 1
0 0.936317 1
0 1 0.888439
0 1 0.825402
0 1 0.831752
0 0.718408 1
0 0.641578 1
0 0.688384 1
0 0.761044 1
0 0.595807 1
0 0.631383 1
0 0.63478 1
0 0.64332 1
0 0.718444 1
0 0.686871 1
0 0.832916 1
0 0.86107 1
0 0.931152 1
0 0.980941 1
0 0.993975 1
0 0.942871 1
0 0.860228 1
0 1 0.944651
0 1 0.987693
0 1 0.865606
0 0.996262 1
0 1 0.861525
0 1 0.848846
0 1 0.669419
0 1 0.647825
0 1 0.501365
0 1 0.464399
0 1 0.435614
0 1 0.397929
0 1 0.321198
0 1 0.369891
0 1 0.916277
0 1 0.315424
0 1 0.303261
0 1 0.337746
0 1 0.27513
0 1 0.349868
0 1 0.433892
0 1 0.493101
0 1 0.38396
0 1 0.428622
0 1 0.546022
0 1 0.194341
0 1 0.201804
0 1 0.2537
0 1 0.153826
0 1 0.709293
0 1 0.75037
0 1 0.63073
0 1 0.649628
0 1 0.711756
0 1 0.823928
0 1 0.812851
0 1 0.636198
0 1 0.670677
0 1 0.762434
0 1 0.822109
0 1 0.789952
0 1 0.857777
0 1 0.630727
0 1 0.661856
0 1 0.428989
0 1 0.70782
0 1 0.74823
0 1 0.531008
0 1 0.637497
0 1 0.562996
0 1 0.374434
0 1 0.319489
0 1 0.382073
0 1 0.458541
0 1 0.436305
0 1 0.0622231
0 1 0.127812
0 1 0.151897
0 1 0.0865477
0 1 0.00657377
0 1 0.0709957
0 1 0.254882
0 1 0.340094
0 1 0.405895
0 1 0.356492
0 1 0.360323
0 1 0.315365
0 1 0.408546
0 1 0.283042
0 1 0.375776
0.075392 1 0
0 1 0.188874
0 1 0.120457
0 1 0.184921
0 1 0.24416
0 1 0.249015
0 1 0.153903
0 1 0.0587179
0 1 0.157283
0.0240833 1 0
0.0274201 1 0
0 1 0.0360628
0 1 0.12093
0.0303363 1 0
0 1 0.230509
0 1 0.162166
0.0154324 1 0
0 1 0.0164059
0 1 0.312483
0 1 0.384054
0 1 0.130709
0 1 0.144277
0.0355496 1 0
0 1 0.0594755
0 1 0.0516094
0.0344778 1 0
0 1 0.0947708
0.164653 1 0
0.217686 1 0
0.140991 1 0
0.178487 1 0
0.0249364 1 0
0 1 0.0580897
0 1 0.0379602
0.250228 1 0
0.115743 1 0
0.162406 1 0
0.184168 1 0
0.153562 1 0
0.0980673 1 0
0.158755 1 0
0.0860259 1 0
0.0989073 1 0
0 1 0.0999406
0 1 0.000361236
0.0835783 1 0
0.0741253 1 0
0.338574 1 0
0.23738 1 0
0.430998 1 0
0.507543 1 0
0.464944 1 0
0.41868 1 0
0.39678 1 0
0.357393 1 0
0.453066 1 0
0.596849 1 0
0.306636 1 0
0.273702 1 0
0.327227 1 0
0.29406 1 0
0.250436 1 0
0.287907 1 0
0.266831 1 0
0.114143 1 0
0.211812 1 0
0.256743 1 0
0.183047 1 0
0.120813 1 0
0.0567886 1 0
0 1 0.0253012
0 1 0.0861696
0 1 0.0357005
0 1 0.159404
0 1 0.259688
0 1 0.333083
0 1 0.237231
0 1 0.434775
0 1 0.542961
0 1 0.638899
0 1 0.635856
0 1 0.717848
0 1 0.814341
0 1 0.674017
0 1 0.911682
0 1 0.948618
0 1 0.829211
0 1 0.725283
0 1 0.609024
0 1 0.910277
0 0.879983 1
0 0.953718 1
0 0.916784 1
0 1 0.998119
0 1 0.682177
0 0.993196 1
0 1 0.954474
0 0.806133 1
0 0.716726 1
0 0.744868 1
0 0.836354 1
0 0.943273 1
0 0.848228 1
0 0.873175 1
0 0.972966 1
0 0.88812 1
0 0.944056 1
0 0.857846 1
0 0.796197 1
0 0.876374 1
0 1 0.970797
0 0.975883 1
0 1 0.992384
0 1 0.922671
0 0.955469 1
0 0.95611 1
0 1 0.613651
0 1 0.688858
0 1 0.691558
0 1 0.536144
0 1 0.494127
0 1 0.477587
0 1 0.415387
0 1 0.430759
0 1 0.338439
0 1 0.298193
0 1 0.358797
0 1 0.247382
0 1 0.229819
0 1 0.311724
0 1 0.333733
0 1 0.169963
0 1 0.429429
0 1 0.176191
0 1 0.0643802
0.0119561 1 0
0 1 0.0874253
0.0404755 1 0
0 1 0.036649
0.0879337 1 0
0 1 0.148992
0 1 0.129076
0 1 0.469746
0 1 0.551751
0 1 0.765572
0 1 0.747725
0 1 0.699336
0 1 0.635748
0 1 0.790282
0 1 0.808505
0 1 0.65464
0 1 0.746338
0 1 0.82581
0 1 0.876468
0 1 0.787698
0 1 0.759091
0 1 0.698445
0 1 0.954166
0 1 0.891417
0 1 0.942635
0 1 0.534975
0 1 0.59373
0 1 0.343148
0 1 0.439063
0 1 0.459191
0 1 0.248052
0 1 0.237069
0 1 0.335231
0 1 0.21853
0 1 0.111525
0 1 0.175676
0.155414 1 0
0.193309 1 0
0 1 0.00186106
0.239949 1 0
0.329457 1 0
0.306459 1 0
0.414342 1 0
0.47536 1 0
0.411169 1 0
0.556572 1 0
0.561757 1 0
0.642279 1 0
0.523572 1 0
0.802364 1 0
0.719391 1 0
0.808365 1 0
0.71758 1 0
0.791663 1 0
0.918153 1 0
0.895782 1 0
1 0.892965 0
1 0.860432 0
1 0.860604 0
1 0.860673 0
1 0.936969 0
1 0.922301 0
1 0.878655 0
0.915882 1 0
0.920806 1 0
0.829758 1 0
1 0.971229 0
0.736271 1 0
0.735652 1 0
0.658065 1 0
1 0.995977 0
1 0.984117 0
1 0.894095 0
1 0.890053 0
0.947685 1 0
0.645209 1 0
0.732474 1 0
0.601377 1 0
0.563523 1 0
0.475129 1 0
0.375341 1 0
0.348621 1 0
0.281907 1 0
0.261714 1 0
0.172489 1 0
0.0912999 1 0
0.14918 1 0
0.237457 1 0
0.090886 1 0
0.0484847 1 0
0 1 0.000233463
0 1 0.0276774
0 1 0.102973
0 1 0.259692
0 1 0.181698
0 1 0.483363
0 1 0.378547
0 1 0.473461
0 1 0.517273
0 1 0.555992
0 1 0.558935
0 1 0.510095
0 1 0.548594
0 1 0.752712
0 1 0.724511
0 1 0.654591
0 1 0.876215
0 1 0.793965
0 1 0.654741
0 1 0.575995
0 1 0.587648
0 1 0.783724
0 1 0.862273
0 1 0.6958
0 1 0.454594
0 1 0.505596
0 1 0.35501
0 1 0.412361
0 1 0.454366
0 1 0.381123
0 1 0.148078
0 1 0.255016
0 1 0.226235
0 1 0.291722
0 1 0.133606
0 1 0.340833
0 1 0.36692
0 1 0.329095
0 1 0.281183
0 1 0.201643
0 1 0.223135
0 1 0.144145
0 1 0.219968
0 1 0.311834
0 1 0.388631
0 1 0.414037
0 1 0.446317
0 1 0.492775
0 1 0.48989
0 1 0.625552
0 1 0.706251
0 1 0.530629
0 1 0.516083
0 1 0.476925
0 1 0.301554
0 1 0.750406
0 1 0.792087
0 1 0.556705
0 1 0.735223
0 1 0.0901168
0 1 0.013527
0.0801994 1 0
0.158 1 0
0.0687597 1 0
0 1 0.083617
0 1 0.0413798
0 1 0.0743518
0.0519167 1 0
0.136036 1 0
0.0751012 1 0
0 1 0.0157218
0 1 0.129849
0 1 0.160523
0 1 0.351652
0 1 0.241897
0.212666 1 0
0.30738 1 0
0.26652 1 0
0 1 0.876419
0 1 0.774931
0 1 0.696274
0 0.959513 1
0 1 0.636361
0 1 0.651997
0 1 0.589104
0 1 0.635612
0 1 0.651118
0 1 0.325059
0 1 0.509171
0 1 0.492267
0 1 0.430589
0.0785438 1 0
1 0.894073 0
1 0.970543 0
1 0.973951 0
0.979219 1 0
0.708197 1 0
0.756611 1 0
0.620331 1 0
0.632775 1 0
0.539647 1 0
0.880532 1 0
0.806046 1 0
0.705323 1 0
0.547486 1 0
0.344455 1 0
0.353231 1 0
0.252014 1 0
0.178809 1 0
0.0866059 1 0
0.0882093 1 0
0 1 0.0073954
0.00768739 1 0
0 1 0.0706739
0 1 0.150519
0 1 0.0536547
0.0761744 1 0
0.0120021 1 0
0.162937 1 0
0.219808 1 0
0.148412 1 0
0.3057 1 0
0.40722 1 0
0.671281 1 0
0.606622 1 0
0.530041 1 0
0.502041 1 0
1 0.994321 0
0.901904 1 0
0.959225 1 0
1 0.671017 0
1 0.73604 0
1 0.722369 0
1 0.782605 0
1 0.639276 0
1 0.62047 0
1 0.807226 0
1 0.803287 0
1 0.727587 0
1 0.703581 0
1 0.736175 0
1 0.91634 0
1 0.915147 0
1 0.988192 0
0.96997 1 0
0.90669 1 0
0.879728 1 0
0.687334 1 0
0.587599 1 0
0.636007 1 0
0.809026 1 0
0.747216 1 0
0.684814 1 0
0.806998 1 0
0.90463 1 0
0.54774 1 0
0.468421 1 0
0.508711 1 0
0.579445 1 0
0.615767 1 0
0.755125 1 0
0.796271 1 0
0.824705 1 0
0.651551 1 0
0.693435 1 0
0.66232 1 0
0.842232 1 0
0.493189 1 0
0.580273 1 0
0.58343 1 0
0.607172 1 0
0.377121 1 0
0.408375 1 0
0.328636 1 0
0 1 0.0427807
0 1 0.102113
0 1 0.0727144
0 1 0.00907075
0 1 0.123995
0 1 0.172205
0 1 0.151145
0 1 0.270166
0 1 0.226954
0 1 0.268974
0 1 0.332917
0 1 0.370936
0 1 0.44021
0 1 0.375911
0 1 0.30281
0 1 0.285585
0 1 0.314607
0 1 0.211826
0 1 0.201999
0 1 0.130304
0 1 0.138277
0 1 0.199839
0 1 0.277451
0 1 0.0816325
0.0104883 1 0
0.0445173 1 0
0.158178 1 0
0.0905246 1 0
0.0361782 1 0
0.0125473 1 0
0.252007 1 0
0.314729 1 0
0.248683 1 0
0.336111 1 0
0.429995 1 0
0.219092 1 0
0.162745 1 0
0.15483 1 0
0.0707069 1 0
0.154584 1 0
0.120928 1 0
0.294975 1 0
0.221568 1 0
0.334675 1 0
0.276197 1 0
0.354236 1 0
0.432068 1 0
0.480856 1 0
0.592945 1 0
0.472014 1 0
0.747006 1 0
0.794148 1 0
0.844721 1 0
0.805202 1 0
0.729104 1 0
0.8314 1 0
0.75269 1 0
0.673303 1 0
0.918839 1 0
0.675157 1 0
1 0.978545 0
0.931534 1 0
1 0.723326 0
1 0.793258 0
1 0.679575 0
1 0.631268 0
1 0.599925 0
1 0.512073 0
1 0.535757 0
1 0.598642 0
1 0.544231 0
1 0.602236 0
1 0.492918 0
0 1 0.634127
0 1 0.68901
0 1 0.656113
0 1 0.667224
0 1 0.720517
0 1 0.625888
0 1 0.554453
0 1 0.553035
0 1 0.55789
0 1 0.481607
0 1 0.48374
0 1 0.405231
0 1 0.444999
0 1 0.371058
0 1 0.340395
0 1 0.389957
0 1 0.339498
0 1 0.300389
0 1 0.287292
0 1 0.207806
0 1 0.138719
0 1 0.238478
0 1 0.237749
0 1 0.202093
0 1 0.156989
0 1 0.10546
0 1 0.460936
0 1 0.462326
0 1 0.511114
0 1 0.546833
0 1 0.369908
0 1 0.45094
0 1 0.393812
0 1 0.312624
0 1 0.449175
0 1 0.452147
0 1 0.456461
0 1 0.392681
0 1 0.45702
0 1 0.391404
0 1 0.47681
0 1 0.32599
0 1 0.305977
0 1 0.235125
0 1 0.154986
0 1 0.106827
0 1 0.152804
0 1 0.0836325
0 1 0.0165314
0.0254853 1 0
0.0852326 1 0
0 1 0.00653423
0 1 0.00322986
0 1 0.0773812
0 1 0.146958
0 1 0.11941
0 1 0.0368742
0 1 0.202056
0 1 0.285257
0 1 0.217007
0 1 0.287187
0 1 0.335691
0 1 0.385629
0 1 0.417119
0 1 0.478192
0 1 0.411274
0 1 0.510877
0 1 0.504617
0 1 0.420757
0 1 0.325015
0 1 0.313618
0 1 0.154229
0 1 0.174871
0 1 0.268025
0 1 0.1763
0 1 0.2494
0 1 0.372564
0 1 0.21943
0 1 0.328438
0 1 0.402402
0 1 0.234891
0 1 0.138041
0 1 0.0293622
0.121376 1 0
0.201695 1 0
0.311648 1 0
0.253222 1 0
0.494924 1 0
0.391184 1 0
0.40403 1 0
0.325787 1 0
0.0728878 1 0
0.171009 1 0
0 1 0.255658
0 1 0.112364
0 1 0.116979
0 1 0.0151166
0 1 0.0458275
0.0648764 1 0
0.154538 1 0
0.210759 1 0
0.252839 1 0
0.32216 1 0
0.412321 1 0
0.52072 1 0
0.732872 1 0
0.695747 1 0
0.783428 1 0
0.596958 1 0
0.667196 1 0
0.743948 1 0
0.767128 1 0
0.843935 1 0
0.922119 1 0
0.987576 1 0
0.923498 1 0
1 0.940773 0
1 0.912134 0
1 0.87114 0
1 0.880111 0
1 0.911008 0
1 0.973766 0
0.971553 1 0
1 0.883569 0
1 0.891738 0
1 0.882623 0
0.961025 1 0
1 0.992514 0
1 0.885915 0
1 0.88101 0
0.968973 1 0
1 0.532753 0
1 0.606245 0
1 0.562991 0
1 0.665171 0
1 0.211598 0
1 0.223278 0
1 0.24769 0
1 0.0882108 0
1 0.105342 0
1 0.079439 0
1 0.0621006 0
1 0.100041 0
1 0.132177 0
1 0.149537 0
1 0.0072177 0
1 0.103859 0
1 0.183103 0
1 0.166245 0
1 0.230907 0
1 0.146235 0
1 0.236007 0
1 0.0778512 0
1 0.020153 0
1 0.044624 0
1 0.0408256 0
1 0.00228527 0
1 0 0
0 0.0616188 1
0 0.175357 1
0 0.0937679 1
0 0.276429 1
0 0.37841 1
0 0.304853 1
0 0.404112 1
0 0.086353 1
0 0.0179372 1
0 0.0302355 1
0 0.0165731 1
0 0.0967413 1
0 0.478423 1
0 0.547138 1
0 0.451864 1
0 0.547714 1
0 0.617717 1
0 0.609964 1
0 0.566149 1
0 0.343285 1
0 0.253035 1
0 0.219672 1
0 0.35686 1
0 0.427334 1
0 0.459634 1
0 0.142318 1
0 0.0522453 1
0 0.146843 1
0 0.209067 1
0 0.455578 1
0 0.198229 1
0 0.102573 1
0 0.178465 1
0 0.530594 1
0 0.539474 1
0 0.503717 1
0 0.324588 1
0 0.24651 1
0 0.30345 1
0 0.202328 1
0 0.66429 1
0 0.630904 1
0 0.740287 1
0 0.349714 1
0 0.359099 1
0 0.383669 1
0 0.444703 1
0 0.359045 1
0 0.722961 1
0 0.600627 1
0 0.286461 1
0 0.322291 1
0 0.334037 1
0 0.233003 1
0 0.250772 1
0 0.424977 1
0 0.710331 1
0 0.649039 1
0 0.591065 1
0 0.433897 1
0 0.469632 1
0 0.31077 1
0 0.750768 1
0 0.268364 1
0 0.351777 1
0 0.261883 1
0 0.437851 1
0 0.345312 1
0 0.392451 1
0 0.707996 1
0 0.801922 1
0 0.772884 1
0 0.751892 1
0 0.665004 1
0 1 0.821613
0 1 0.830158
0 1 0.89667
0 1 0.764694
0 0.941924 1
0 0.873288 1
0 0.984095 1
0 0.434104 1
0 0.853954 1
0 0.809624 1
0 0.908968 1
0 0.772072 1
0 0.396993 1
0 0.515754 1
0 0.544925 1
0 0.802449 1
0 0.864317 1
0 1 0.908905
0 1 0.995792
0 1 0.95704
0 1 0.94162
0 0.922981 1
0 0.924718 1
0 0.578611 1
0 0.529277 1
0 0.619612 1
0 1 0.930388
0 1 0.963156
0 0.846544 1
0 1 0.836738
0 1 0.681328
0 1 0.69838
0 1 0.819124
0 1 0.757387
0 0.701656 1
0 0.771081 1
0 0.684079 1
0 0.604787 1
0 0.675791 1
0 0.822576 1
0 0.719708 1
0 0.493988 1
0 0.523399 1
0 0.59286 1
0 0.509839 1
0 0.878302 1
0 0.555656 1
0 0.926338 1
0 0.987953 1
0 0.99872 1
0 0.830159 1
0 0.940774 1
0 1 0.917268
0 1 0.903875
0 1 0.77232
0 1 0.8605
0 1 0.94273
0 1 0.975195
0 1 0.996551
0 0.963715 1
0 0.709813 1
0 0.438485 1
0 0.882205 1
0 1 0.668573
0 1 0.709838
0 1 0.838627
0 1 0.747114
0 0.781968 1
0 0.770574 1
0 1 0.63531
0 1 0.663489
0 1 0.602168
0.0698455 1 0
0.0014581 1 0
0.0141379 1 0
0 1 0.00316251
0.113744 1 0
0.106971 1 0
0 1 0.129458
0 1 0.0898721
0 0.988971 1
0 1 0.877812
0 1 0.916398
0 1 0.955304
0 1 0.546889
0 1 0.560633
0 1 0.61373
0 1 0.520748
0 1 0.608507
0 1 0.54048
0 1 0.55621
0 1 0.580512
0 1 0.874414
0 1 0.974108
0 0.634779 1
0 0.140629 1
0 0.0677059 1
0 0.0383634 1
0 0.120384 1
0 0.0259577 1
0 0.111982 1
0 0.282466 1
0 0.0182109 1
0 0.311432 1
0 0.696944 1
0 0.736273 1
0 0.775287 1
0 0.641599 1
0 0.585764 1
0 0.791151 1
0 0.410021 1
0 0.362994 1
0 0.424127 1
0 0.820813 1
0 0.831796 1
0 0.488233 1
0 0.530418 1
0 0.893178 1
0 0.277185 1
0 0.180139 1
0 0.410531 1
0 0.167445 1
0 0.574025 1
0 0.921302 1
0 0.493199 1
0 0.839442 1
0 0.971488 1
0 0.52232 1
0 0.567901 1
0 0.604831 1
0 0.227228 1
0 0.185785 1
0 0.120914 1
0 0.178131 1
0 0.388277 1
0 0.101554 1
0 0.555156 1
0 0.355904 1
0 0.194143 1
0 0.121342 1
0 0.203474 1
0 0.139709 1
0 0.57779 1
0 0.00809868 1
0 0.313522 1
0 1 0.918372
0 1 0.993975
0 0.999126 1
0 1 0.899036
0 1 0.941858
0 1 0.796611
0 1 0.818595
0 1 0.780117
0 1 0.769456
0 1 0.808888
0 1 0.864602
0 1 0.731001
0 1 0.720441
0 1 0.928098
0 1 0.986707
0 1 0.9552
0 1 0.826123
0 1 0.56604
0 1 0.610071
0 1 0.6194
0 1 0.543264
0 1 0.650732
0 1 0.56907
0 1 0.70795
0 1 0.845171
0 1 0.754307
0 1 0.816001
0 1 0.678345
0 1 0.839859
0 1 0.714822
0 1 0.585255
0 1 0.637328
0 1 0.611417
0 1 0.677085
0 1 0.740121
0 1 0.767322
0 1 0.743294
0 1 0.685153
0 1 0.641157
0 1 0.634925
0 1 0.578618
0 1 0.540874
0 1 0.526441
0 1 0.536875
0 1 0.487627
0 1 0.455028
0 1 0.437381
0 1 0.372703
0 1 0.562021
0 1 0.487631
0 1 0.587609
0 1 0.527293
0 1 0.508705
0 1 0.488829
0 1 0.325891
0 1 0.423723
0 1 0.419861
0 1 0.501712
0 1 0.488312
0 1 0.231984
0 1 0.142465
0 1 0.191633
0.040087 1 0
0 1 0.0325862
0 1 0.0293476
0.111057 1 0
0.0176831 1 0
0.0941065 1 0
0.154852 1 0
0.208525 1 0
0.290456 1 0
0.21786 1 0
0.281957 1 0
0.375131 1 0
0.436956 1 0
0.402319 1 0
0.500029 1 0
0.608516 1 0
0.453245 1 0
0.539291 1 0
1 0.924782 0
1 0.985564 0
1 0.902426 0
1 0.886681 0
1 0.878438 0
0.958411 1 0
0.95173 1 0
0.843649 1 0
0.74125 1 0
0.627755 1 0
1 0.824379 0
1 0.68414 0
1 0.781749 0
1 0.833878 0
1 0.785777 0
1 0.809555 0
1 0.860423 0
1 0.720054 0
1 0.700907 0
1 0.647662 0
1 0.594537 0
1 0.683757 0
1 0.602942 0
1 0.490963 0
1 0.399484 0
1 0.480279 0
1 0.442472 0
1 0.427262 0
1 0.321599 0
1 0.510705 0
1 0.280886 0
1 0.326567 0
1 0.299728 0
1 0.226675 0
1 0.401178 0
1 0.49975 0
1 0.432347 0
1 0.38733 0
1 0.220929 0
1 0.381655 0
1 0.253996 0
1 0.335536 0
1 0.349292 0
1 0.418219 0
1 0.290448 0
1 0.263136 0
1 0.422135 0
1 0.372125 0
1 0.284853 0
1 0.406832 0
1 0.484103 0
1 0.500737 0
1 0.580483 0
1 0.457843 0
1 0.724674 0
1 0.650761 0
1 0.648273 0
0.90514 1 0
0.997195 1 0
0.993886 1 0
0.764096 1 0
0.946102 1 0
1 0.923642 0
1 0.896263 0
1 0.853201 0
0.698431 1 0
0.767322 1 0
0.788263 1 0
0.866195 1 0
0.295362 1 0
0.233625 1 0
0.15367 1 0
0.0978746 1 0
0.48016 1 0
0.107221 1 0
0.152293 1 0
0.293675 1 0
0.198622 1 0
0.379522 1 0
0.573154 1 0
0.693959 1 0
0.0398695 1 0
0.620014 1 0
0.569485 1 0
0.547493 1 0
0.721665 1 0
0.714656 1 0
0.0997953 1 0
0 1 0.0346609
0.02775 1 0
0.188896 1 0
0.148565 1 0
0 1 0.117777
0 1 0.206227
0 1 0.272387
0 1 0.449808
0 1 0.353331
0 1 0.360333
0 1 0.204534
0.347077 1 0
0.371052 1 0
0.275877 1 0
0.546337 1 0
0.455468 1 0
0.629697 1 0
0.963864 1 0
0.885579 1 0
0.913286 1 0
0.82031 1 0
1 0.976292 0
1 0.962427 0
1 0.841065 0
1 0.747123 0
1 0.664591 0
1 0.727834 0
1 0.678389 0
1 0.774246 0
1 0.884027 0
0.806993 1 0
0.772638 1 0
0.892975 1 0
0.966188 1 0
1 0.915707 0
0.479583 1 0
0.691983 1 0
0.598953 1 0
0.702515 1 0
0.489886 1 0
0.405967 1 0
0.464374 1 0
0.119772 1 0
0.210433 1 0
0.19138 1 0
0.346109 1 0
0.317373 1 0
0.285744 1 0
0.496074 1 0
0.917337 1 0
0.821992 1 0
1 0.860315 0
0.998403 1 0
0.644049 1 0
0.109233 1 0
0.230306 1 0
0.416113 1 0
1 0.814073 0
0.780646 1 0
0.485308 1 0
1 0.691048 0
1 0.747665 0
1 0.701972 0
1 0.80526 0
1 0.640051 0
1 0.591143 0
1 0.763219 0
1 0.930071 0
1 0.915665 0
0.939084 1 0
1 0.891385 0
1 0.756768 0
1 0.81437 0
1 0.869851 0
1 0.982682 0
1 0.898173 0
1 0.682833 0
1 0.647899 0
0.838446 1 0
0.872246 1 0
0.931439 1 0
0.753731 1 0
0.820626 1 0
0.751526 1 0
0.990929 1 0
1 0.897955 0
1 0.964611 0
0.910892 1 0
1 0.795608 0
1 0.839088 0
0.568165 1 0
0.51334 1 0
0.490259 1 0
0.542193 1 0
0.693862 1 0
0.728891 1 0
0.532587 1 0
0.634847 1 0
0.534891 1 0
0.611073 1 0
0.492482 1 0
0.457076 1 0
0.550746 1 0
0.440447 1 0
0.659301 1 0
0.62931 1 0
0.695645 1 0
0.700943 1 0
0.803691 1 0
0.819945 1 0
0.926183 1 0
0.916704 1 0
1 0.997909 0
1 0.983365 0
1 0.895984 0
0.724782 1 0
1 0.732021 0
1 0.845501 0
1 0.731784 0
1 0.773643 0
0.827883 1 0
0.862098 1 0
0.967426 1 0
1 0.866819 0
1 0.783121 0
0.86656 1 0
1 0.787142 0
1 0.854433 0
1 0.940409 0
1 0.697164 0
1 0.642663 0
1 0.511069 0
1 0.5631 0
1 0.505152 0
1 0.590158 0
1 0.471365 0
1 0.415454 0
1 0.485676 0
1 0.541935 0
1 0.724538 0
1 0.63542 0
1 0.81676 0
1 0.817105 0
0.939121 1 0
0.471098 1 0
0.378354 1 0
0.398794 1 0
0.550628 1 0
0.114999 1 0
0.0211742 1 0
0.0609585 1 0
0 1 0.0720839
0 1 0.0173097
0.195789 1 0
0.210354 1 0
0.633379 1 0
0.289671 1 0
0.346791 1 0
0.135502 1 0
0.224938 1 0
0.581378 1 0
0.0412494 1 0
0.310091 1 0
0.378387 1 0
0.379938 1 0
0.449715 1 0
0.36008 1 0
0.320401 1 0
0 1 0.351231
0 1 0.342242
0 1 0.433852
0 1 0.289397
0 1 0.384425
0 1 0.27554
0 1 0.376632
0 1 0.189388
0 1 0.309823
0 1 0.216236
0 1 0.355799
0 1 0.275801
0 1 0.363495
0 1 0.289727
0 1 0.406848
0 1 0.153202
0 1 0.245469
0 1 0.116852
0 1 0.0730013
0 1 0.0673955
0 1 0.014131
0 1 0.0934151
0 1 0.0247822
0 1 0.16834
0 1 0.293482
0 1 0.378735
0 1 0.455077
0 1 0.490153
0 1 0.682561
0 1 0.721705
0 1 0.628649
0 1 0.740077
0 1 0.612628
0 1 0.829825
0 1 0.889015
0 1 0.907964
0 1 0.813185
0 1 0.643472
0 1 0.713339
0 1 0.576407
0 1 0.484572
0 1 0.394472
0 1 0.444772
0 1 0.179145
0 1 0.0716318
0 1 0.171953
0 1 0.0369878
0.0719828 1 0
0.107014 1 0
0 1 0.0464181
0.0238004 1 0
0 1 0.150379
0 1 0.167552
0 1 0.133619
0 1 0.219092
0 1 0.312749
0 1 0.33948
0 1 0.405274
0 1 0.372839
0 1 0.569813
0 1 0.433707
0 1 0.497212
0 1 0.492967
0 1 0.63051
0 1 0.620571
0 1 0.723292
0 1 0.384689
0 1 0.275842
0 1 0.365003
0 1 0.282772
0 1 0.225582
0 1 0.64284
0 1 0.737061
0 1 0.733154
0 1 0.812322
0 1 0.758865
0 1 0.816656
0 1 0.531409
0 1 0.377757
0 1 0.280756
0 1 0.255944
0 1 0.299138
0 1 0.474766
0 1 0.193733
0 1 0.575762
0 1 0.505196
0 1 0.60811
0 1 0.402601
0 1 0.437911
0 1 0.704331
0 1 0.653315
0.0522797 1 0
0 1 0.017245
0 1 0.0396288
0.0715013 1 0
0.12852 1 0
0 1 0.148054
0 1 0.0851044
0 1 0.090604
0 1 0.248872
0 1 0.356624
0 1 0.265152
0 1 0.449618
0 1 0.305629
0 1 0.23958
0 1 0.222289
0 1 0.00818858
0 1 0.747965
0 1 0.758708
0 1 0.0800715
0 1 0.00311888
0 1 0.414665
0 1 0.436071
0 1 0.468546
0 1 0.374942
0 1 0.341998
0 1 0.278659
0 1 0.478264
0 1 0.532689
0 1 0.379995
0 1 0.658561
0 1 0.627651
0 1 0.627159
0 1 0.490903
0 1 0.415932
0 1 0.327799
0 1 0.322023
6.58723e-05 1 0
0 1 0.091626
0 1 0.0796765
0 1 0.166094
0 1 0.172107
0 1 0.252252
0.0843646 1 0
0.0631853 1 0
0.157035 1 0
0.20504 1 0
0.144265 1 0
0.217512 1 0
0.0844495 1 0
0.239031 1 0
0.205149 1 0
0.169542 1 0
0 1 0.634885
0 1 0.684049
0 1 0.726487
0 1 0.864828
0 1 0.778758
0 1 0.598173
0 1 0.772804
0 1 0.671205
0.0907059 1 0
0.0232696 1 0
0.0952108 1 0
0 1 0.154488
0 1 0.149552
0 1 0.164183
0 1 0.278969
0 1 0.185928
0 1 0.320835
0 1 0.343202
0 1 0.512025
0 1 0.372616
0 1 0.405421
0.113392 1 0
0.017545 1 0
0.0446679 1 0
0.170538 1 0
0 0.790254 1
0 0.721214 1
0 0.74457 1
0 0.838622 1
0 0.925299 1
0 0.873943 1
0 0.885157 1
0 0.807465 1
0 1 0.905986
0 1 0.980892
0 1 0.851865
0 1 0.908623
0 1 0.769025
0 1 0.80918
0 1 0.597653
0 1 0.566649
0 1 0.654129
0 1 0.302486
0 1 0.223036
0 1 0.256805
0 1 0.0284335
0 1 0.107365
0 1 0.127581
0 1 0.485211
0 1 0.539037
0 1 0.429803
0 1 0.40878
0 1 0.198074
0 1 0.721712
0 0.986771 1
0 1 0.264973
0 1 0.482745
0 1 0.339715
0 1 0.293463
0 1 0.0396479
0 1 0.112201
0 1 0.097364
0 1 0.633811
0 1 0.578593
0 1 0.839613
0 1 0.745954
0 1 0.521013
0 1 0.409371
0 1 0.447118
0 1 0.353638
0 0.984875 1
0 0.950699 1
0 1 0.972513
0 1 0.918863
0 0.805824 1
0 0.872026 1
0 1 0.64366
0 1 0.71806
0 1 0.621285
0 1 0.181602
0 1 0.113757
0 1 0.0954575
0.0234094 1 0
0 1 0.0766099
0 1 0.0224943
0.191986 1 0
0.10101 1 0
0.197201 1 0
0.29357 1 0
0 1 0.175935
0 1 0.255524
0 1 0.306195
0 1 0.396761
0.102699 1 0
0.0090579 1 0
0 0.841429 1
0 0.765258 1
0.290488 1 0
0 1 0.868981
0 1 0.818335
0 1 0.769737
0 1 0.594952
0 1 0.492009
0 1 0.541694
0 1 0.359642
0 1 0.374527
0 1 0.598349
0 1 0.125766
0 1 0.0724455
0 1 0.946811
0 1 0.847924
0 1 0.278447
0 1 0.173458
0 1 0.698046
0 1 0.697874
0 1 0.771108
0 0.791099 1
0 0.890885 1
0 0.861961 1
0 0.486115 1
0 0.548797 1
0 0.492365 1
0 1 0.777739
0 1 0.405329
0 1 0.308131
0 1 0.384835
0 0.955496 1
0 1 0.550052
0 1 0.472869
0 1 0.231332
0 1 0.706924
0 1 0.767708
0 1 0.682402
0 1 0.843842
0 1 0.785253
0 1 0.94403
0 1 0.902389
0 1 0.373463
0 1 0.354735
0 1 0.308523
0 1 0.479465
0 1 0.537323
0 1 0.604363
0 1 0.415186
0 1 0.407665
0 1 0.280198
0 1 0.222022
0 1 0.167831
0 1 0.159898
0 1 0.339229
0 1 0.564206
0 1 0.640007
0 1 0.899689
0 1 0.943866
0 1 0.998842
0 0.957287 1
0 1 0.966154
0 0.945777 1
0 1 0.708304
0 1 0.973942
0 0.966722 1
0 0.988228 1
0 0.884329 1
0 0.85088 1
0 0.951591 1
0 1 0.820111
0 1 0.861617
0 1 0.754633
0 1 0.901037
0 1 0.97663
0 1 0.661966
0 1 0.772746
0 1 0.628354
0 1 0.587135
0 1 0.539486
0 1 0.641043
0 1 0.701573
0 1 0.528825
0 1 0.593291
0 1 0.682439
0 1 0.704806
0 1 0.550235
0 1 0.599945
0 1 0.666013
0 1 0.659319
0 1 0.488987
0 1 0.451741
0 1 0.545628
0 1 0.456358
0 1 0.658275
0 1 0.501008
0 1 0.635496
0 1 0.434842
0 1 0.53641
0 1 0.472326
0 1 0.428028
0 1 0.412383
0 1 0.39753
0 1 0.378938
0 1 0.439817
0 1 0.190392
0 1 0.225261
0 1 0.0802596
0.00189874 1 0
0 1 0.0966423
0.0431177 1 0
0 1 0.086034
0 1 0.157785
0 1 0.0398227
0.0606753 1 0
0.0620507 1 0
0 1 0.0508933
0 1 0.0270955
0 1 0.142533
0 1 0.278986
0 1 0.205813
0 1 0.242303
0 1 0.350683
0 1 0.462776
0 1 0.415745
0 1 0.412175
0 1 0.556289
0 1 0.66873
0 1 0.692721
0 1 0.553179
0 1 0.680164
0 1 0.664092
0 1 0.306372
0 1 0.456978
0 1 0.315677
0 1 0.162863
0 1 0.0882574
0 1 0.508411
0 1 0.420751
0.0738079 1 0
0 1 0.00635446
0.0313803 1 0
0 1 0.207364
0 1 0.250469
0 1 0.130974
0 1 0.0852227
0 1 0.217093
0 1 0.344485
0 1 0.34135
0 1 0.110485
0 1 0.0213555
0 1 0.165684
0 1 0.0239435
0 1 0.338204
0 1 0.357733
0 1 0.267021
0 1 0.22671
0 1 0.42061
0 1 0.619601
0 1 0.619959
0 1 0.5347
0 1 0.517451
0 1 0.315591
0 1 0.340686
0 1 0.422574
0 1 0.351083
0 1 0.112507
0 1 0.219915
0 1 0.2006
0 1 0.287045
0 1 0.378677
0 1 0.281442
0 1 0.20248
0 1 0.281272
0 1 0.315045
0 1 0.197655
0 1 0.344202
0 1 0.537923
0 1 0.436495
0 1 0.522285
0 1 0.334085
0 1 0.475759
0 1 0.44092
0 1 0.345119
0 1 0.606268
0 1 0.506253
0 1 0.608526
0 1 0.626221
0 1 0.570148
0 1 0.435839
0 1 0.487444
0 0.137091 1
0 0.172492 1
0 0.144135 1
0 4.62399e-05 1
0 0.0613345 1
0 4.73159e-05 1
0 0.108869 1
0 0.0815132 1
1 0.736239 0
1 0.83299 0
1 0.789303 0
1 0.787329 0
1 0.906618 0
1 0.921626 0
1 0.914473 0
1 0.994072 0
0.934033 1 0
1 0.99146 0
1 0.794457 0
1 0.721821 0
1 0.727371 0
1 0.741302 0
1 0.649646 0
1 0.692165 0
1 0.97977 0
1 0.928042 0
1 0.846043 0
1 0.890725 0
1 0.777294 0
0.91498 1 0
0.926255 1 0
0.857637 1 0
0.802907 1 0
0.996056 1 0
0.829623 1 0
0.974437 1 0
0.852779 1 0
0.916324 1 0
0.829057 1 0
0.842702 1 0
0.801203 1 0
1 0.967511 0
0.976448 1 0
0.980216 1 0
1 0.937442 0
1 0.803586 0
1 0.888669 0
1 0.829922 0
1 0.873612 0
1 0.748209 0
1 0.802644 0
1 0.720826 0
1 0.648082 0
1 0.692456 0
1 0.604738 0
1 0.611634 0
1 0.571772 0
1 0.574148 0
1 0.52843 0
1 0.553409 0
1 0.524859 0
1 0.612319 0
1 0.569495 0
1 0.668526 0
1 0.716818 0
1 0.680174 0
1 0.593356 0
1 0.557151 0
1 0.584207 0
1 0.540353 0
1 0.475793 0
1 0.523432 0
1 0.441508 0
1 0.374271 0
1 0.298959 0
1 0.35175 0
1 0.331543 0
1 0.395928 0
1 0.513138 0
1 0.394201 0
1 0.495238 0
1 0.56284 0
1 0.483609 0
1 0.342222 0
1 0.261794 0
1 0.195849 0
1 0.197442 0
1 0.211178 0
1 0.206363 0
1 0.150229 0
1 0.156216 0
1 0.136885 0
1 0.133478 0
1 0.137926 0
1 0.0673479 0
1 0.0712802 0
1 0.143842 0
1 0.118872 0
1 0.0391754 0
1 0.172683 0
1 0.226273 0
1 0.171796 0
1 0.111201 0
1 0.157501 0
1 0.0883761 0
1 0.203363 0
1 0.121375 0
1 0.0207658 0
1 0.0215125 0
1 0.133726 0
1 0.0213255 0
1 0.329001 0
1 0.429005 0
1 0.0780627 0
1 0.271919 0
1 0.255759 0
1 0.307336 0
1 0.310164 0
1 0.198693 0
1 0.537793 0
1 0.609094 0
1 0.534553 0
1 0.48273 0
1 0.489026 0
1 0.430161 0
1 0.361007 0
1 0.754143 0
1 0.643672 0
1 0.691164 0
1 0.827173 0
1 0.900087 0
1 0.995304 0
1 0.95511 0
1 0.873523 0
0.955096 1 0
0.919673 1 0
0.86416 1 0
0.853744 1 0
0.812555 1 0
0.798455 1 0
0.820736 1 0
0.904753 1 0
0.73249 1 0
0.641954 1 0
0.68813 1 0
0.650411 1 0
0.573289 1 0
0.510728 1 0
0.500253 1 0
0.434115 1 0
0.472793 1 0
0.438631 1 0
0.392512 1 0
0.364584 1 0
0.449968 1 0
0.329699 1 0
0.342487 1 0
0.320999 1 0
0.360366 1 0
0.183492 1 0
0.24227 1 0
0.159843 1 0
0.258628 1 0
0.0954783 1 0
0.0682419 1 0
0.0237989 1 0
0 1 0.0462965
0 1 0.0752522
0.157989 1 0
0.28242 1 0
0.230567 1 0
0.23974 1 0
0.183537 1 0
0.276048 1 0
0.272243 1 0
0.296627 1 0
0.322385 1 0
0.344761 1 0
0.245829 1 0
0.205583 1 0
0.131586 1 0
0.096236 1 0
0.135017 1 0
0.193388 1 0
0.065143 1 0
0.124068 1 0
0.195892 1 0
0.299415 1 0
0.253239 1 0
0.331183 1 0
0.311463 1 0
0.379956 1 0
0.438706 1 0
0.31491 1 0
0.251187 1 0
0.157215 1 0
0.0697166 1 0
0 1 0.0439735
0 1 0.153326
0 1 0.13282
0 1 0.207399
0 1 0.0693299
0 1 0.188288
0 1 0.104542
0 1 0.188144
0 1 0.27958
0 1 0.299898
0 1 0.295237
0 1 0.356666
0 1 0.0822618
0 1 0.318646
0 1 0.011469
0.155845 1 0
0.310982 1 0
0.467743 1 0
0.652154 1 0
0.635829 1 0
0.529079 1 0
0.740672 1 0
0.991321 1 0
0.920428 1 0
0.932161 1 0
0.873474 1 0
0.793312 1 0
0.848298 1 0
1 0.874034 0
1 0.969381 0
1 0.892632 0
1 0.793686 0
1 0.777005 0
0.996523 1 0
0.893859 1 0
0.948523 1 0
0.921849 1 0
0.980419 1 0
0.894661 1 0
0.793099 1 0
0.724694 1 0
0.785547 1 0
0.643573 1 0
0.694838 1 0
0.591748 1 0
0.670459 1 0
0.526495 1 0
0.477032 1 0
0.487688 1 0
0.593116 1 0
0.547332 1 0
0.663217 1 0
0.741445 1 0
0.739737 1 0
0.637637 1 0
0.746556 1 0
0.727222 1 0
0.551356 1 0
0.37391 1 0
0.418568 1 0
0.466287 1 0
0.560127 1 0
0.703956 1 0
1 0.653648 0
1 0.603391 0
1 0.564301 0
1 0.565455 0
1 0.470615 0
1 0.917875 0
0.816475 1 0
0.143882 1 0
0.00433757 1 0
0 1 0.0884937
0.0668311 1 0
0.163718 1 0
0.30355 1 0
0 1 0.229934
0 1 0.393622
0 1 0.477282
0 1 0.367061
0 1 0.288482
0 1 0.208981
0 1 0.4943
0 1 0.292328
0 1 0.37411
0 1 0.337949
0 1 0.0673617
0.00109747 1 0
0 1 0.107699
0 1 0.0267626
0.0944281 1 0
0.0688613 1 0
0.0221188 1 0
0 1 0.184546
0 1 0.081325
0 1 0.158236
0 1 0.101391
0.0792955 1 0
0.175247 1 0
0.209477 1 0
0.122047 1 0
0.199534 1 0
0.136508 1 0
0.237325 1 0
0.195724 1 0
0.0545677 1 0
0.0715725 1 0
0.0366229 1 0
0.148672 1 0
0.241994 1 0
0.235218 1 0
0.336025 1 0
0.327033 1 0
0.337715 1 0
0.391376 1 0
0.334724 1 0
0.25263 1 0
0.275956 1 0
0.409413 1 0
0.434358 1 0
0.496619 1 0
0.534099 1 0
0.625547 1 0
0.673158 1 0
0.533179 1 0
0.440576 1 0
0.642442 1 0
0.701911 1 0
0.68856 1 0
0.671258 1 0
0.750856 1 0
0.754006 1 0
0.761598 1 0
0.798139 1 0
0.76202 1 0
0.788226 1 0
0.726222 1 0
0.855888 1 0
0.691236 1 0
0.66941 1 0
0.90792 1 0
0.951441 1 0
1 0.93479 0
1 0.726526 0
1 0.862761 0
1 0.690335 0
1 0.945539 0
0.900556 1 0
0.906538 1 0
0.847224 1 0
0.854739 1 0
0.771923 1 0
0.887613 1 0
0.979185 1 0
1 0.827513 0
1 0.845043 0
1 0.974636 0
0.945037 1 0
0.634536 1 0
0.567089 1 0
0.587531 1 0
0.5012 1 0
0.515406 1 0
0.496257 1 0
0.419637 1 0
0.385328 1 0
0.37203 1 0
0.44174 1 0
0.424476 1 0
0.421062 1 0
0.319446 1 0
0.272059 1 0
0.340739 1 0
0.420267 1 0
0.100592 1 0
0.192002 1 0
0 1 0.0436238
0 1 0.0660576
0 1 0.130777
0 1 0.188222
0.0512471 1 0
0.0509262 1 0
0.144544 1 0
0.237998 1 0
0.171125 1 0
0.118749 1 0
0.185342 1 0
0 1 0.202521
0 1 0.280888
0 1 0.37055
0 1 0.36363
0 1 0.216853
0 1 0.441488
0 1 0.353985
0 1 0.50125
0 1 0.540885
0 1 0.428152
0 1 0.540882
0 1 0.0208881
0 1 0.284858
0 1 0.383749
0.0319543 1 0
0.158071 1 0
0.288372 1 0
0.24266 1 0
0.315597 1 0
0.10546 1 0
0 1 0.581657
0 1 0.45773
0 1 0.540912
0 1 0.45695
0 1 0.0235263
0 1 0.129846
0 1 0.164745
0 1 0.471846
0 1 0.471148
1 0.995721 0
0.980649 1 0
0.922312 1 0
1 0.936976 0
1 0.961325 0
1 0.78806 0
0.95059 1 0
1 0.521472 0
1 0.44073 0
1 0.491499 0
1 0.44605 0
1 0.485142 0
1 0.389203 0
1 0.837751 0
0 0.117617 1
0 0.159516 1
0 0.147009 1
0 0 0
0 0.0620469 1
0 0.107789 1
0 0.0591781 1
0 0.181091 1
0 0.208824 1
0 0.108048 1
0 0.169398 1
0 0.0723899 1
0 0.133685 1
0 0.199319 1
0 0.091119 1
0 0.202137 1
0 1 0.0434674
0 1 0.0450064
0 1 0.0252409
0 1 0.102158
0 1 0.166016
0 1 0.241908
0 1 0.424329
0 1 0.498679
0 1 0.105123
0 1 0.14613
0 1 0.609141
0 1 0.643951
0 1 0.00098663
0.00452454 1 0
0.0421977 1 0
0.0419832 1 0
0 1 0.274812
0 0.837568 1
0 0.783741 1
0 0.75443 1
0 0.788717 1
0 0.898058 1
0 0.868036 1
0 0.827852 1
0 0.796081 1
0 0.887838 1
0 0.953713 1
0 1 0.9856
0 0.7856 1
0 0.960639 1
0 1 0.708922
0 0.482411 1
0 1 0.631383
0 1 0.724258
0 1 0.821477
0 1 0.958601
0 1 0.883439
0 0.59177 1
0 0.683862 1
0 0.658566 1
0 1 0.566745
0 1 0.63033
0 1 0.914066
0 1 0.655812
0 1 0.590577
0 1 0.483677
0 1 0.444013
0 1 0.516198
0 1 0.307647
0 1 0.247789
0 1 0.236026
0 1 0.170609
0 1 0.0209644
0.0402449 1 0
0.0810621 1 0
0.153013 1 0
0.108071 1 0
0 1 0.222446
0 1 0.119269
0 1 0.304826
0 1 0.365665
0 1 0.0630269
0 1 0.0147059
0.174732 1 0
0.234082 1 0
0.23505 1 0
0.147182 1 0
0 1 0.0833024
0 1 0.229999
0.253497 1 0
0.271431 1 0
0.191625 1 0
0.280754 1 0
0.087132 1 0
0 0.984369 1
0 0.627081 1
0 0.708331 1
0 0.648583 1
0 0.656852 1
0 0.893911 1
0 0.917476 1
0 0.83938 1
0 0.953668 1
0 1 0.959272
0 1 0.707436
0 1 0.527251
0 1 0.445271
0.0169109 1 0
0 1 0.0494116
0 1 0.0114518
0.0153701 1 0
0.112277 1 0
0 0.750085 1
0 0.728195 1
0 0.660756 1
0 0.639036 1
0 0.532076 1
0 0.56844 1
0 0.912849 1
0 1 0.153632
0.1864 1 0
0 0.709333 1
0 0.6728 1
0 0.629055 1
0 0.576747 1
0 0.737217 1
0 0.694675 1
0 0.677491 1
0 0.677011 1
0 0.622273 1
0 0.599422 1
0 1 0.540695
0 1 0.469308
0 1 0.540804
0 1 0.254499
0 1 0.189114
0 1 0.179413
0 1 0.132098
0.113635 1 0
0.143957 1 0
0.175539 1 0
0.17315 1 0
0.0464102 1 0
0 1 0.0137393
0 1 0.06676
0.0633771 1 0
0 1 0.0981728
0 1 0.511356
0 1 0.453503
0 1 0.451206
0 1 0.419146
0 1 0.479167
0 1 0.154717
0 1 0.24541
0 1 0.29805
0 1 0.387088
0 1 0.390927
0 1 0.388419
0 0.701916 1
0 0.642866 1
0 0.62929 1
0 1 0.982809
0 1 0.945088
0 0.945365 1
0 1 0.515976
0 1 0.321805
0 1 0.35118
0 1 0.72606
0 1 0.731781
0 1 0.662016
0 1 0.770792
0 0.561541 1
0 0.60601 1
0 1 0.912074
0 1 0.856523
0 1 0.814462
0 0.986774 1
0 0.930296 1
0 0.879371 1
0 1 0.458928
0 1 0.986248
0 1 0.895085
0 1 0.805525
0 1 0.731943
0 0.784815 1
0 0.808089 1
0 0.709956 1
0 1 0.580525
0 1 0.502
0 1 0.655555
0 1 0.728265
0 0.6076 1
0 0.50803 1
0 0.445578 1
0 0.52897 1
0 0.53314 1
0 0.445433 1
0 0.454878 1
0 0.575648 1
0 0.63514 1
0 0.72221 1
0 0.888278 1
0 0.723104 1
0 0.531212 1
0 1 0.883745
0 0.446352 1
0 0.463213 1
0 1 0.927952
0 1 0.960756
0 0.978808 1
0 1 0.340132
0 1 0.587863
0 1 0.584143
0 0.486252 1
0 0.761644 1
0 0.726935 1
0 0.606225 1
0 0.499642 1
0 0.79073 1
0 0.567763 1
0 0.740519 1
0 0.794443 1
0 0.837744 1
0 1 0.300233
0 1 0.713541
0 1 0.775709
0 1 0.654291
0 0.912186 1
0 0.862861 1
0 0.530765 1
0 0.558895 1
0 0.693933 1
0 0.925142 1
0 1 0.857515
0 1 0.851725
0 1 0.910043
0 1 0.979915
0 0.97799 1
0 1 0.801881
0 0.795478 1
0 1 0.546508
0 1 0.602774
0 1 0.433491
0 1 0.615371
0 1 0.624224
0 1 0.694421
0 1 0.839858
0 1 0.778655
0 1 0.842914
0 1 0.903664
0 1 0.874904
0 1 0.839906
0 1 0.964206
0 0.836061 1
0 0.89536 1
0 0.836453 1
0 0.845041 1
0 0.878725 1
0 0.983429 1
0 0.91098 1
0 0.96081 1
0 1 0.982711
0 1 0.913733
0 0.891295 1
0 1 0.689087
0 1 0.626838
0 1 0.734154
0 1 0.748956
0 1 0.822161
0 0.868092 1
0 0.851658 1
0 1 0.801167
0 1 0.0525469
0 1 0.314973
0 0.884671 1
0 0.981609 1
0.208792 1 0
0.176844 1 0
0.148615 1 0
0.21312 1 0
0.171651 1 0
0.123397 1 0
0.208626 1 0
0 1 0.155893
0.0698045 1 0
0.0594048 1 0
0 1 0.0303372
0 1 0.452208
0 1 0.534909
0 1 0.546209
0 1 0.331839
0 1 0.764422
0 1 0.877507
0 1 0.722639
0 1 0.812865
0 1 0.685414
0 1 0.726719
0 1 0.626122
0 1 0.536529
0 1 0.599512
0 1 0.590397
0.116854 1 0
0.0202474 1 0
0 1 0.0415889
0 1 0.452847
0 1 0.351925
0 1 0.924956
0 1 0.254597
0 1 0.178086
0 1 0.103556
0 1 0.124924
0 1 0.259198
0.222788 1 0
0 1 0.187023
0.223743 1 0
0 1 0.186002
0.0413962 1 0
0.0748006 1 0
0.150501 1 0
0 1 0.147675
0 1 0.0642371
0 1 0.0799245
0 1 0.329757
0 1 0.404918
0.192177 1 0
0.270675 1 0
0.254515 1 0
0.146149 1 0
0.243612 1 0
0 1 0.537159
0 1 0.647415
0 1 0.489963
0 1 0.251519
0 1 0.36311
0 1 0.466999
0 1 0.207463
0 1 0.167098
0 1 0.136985
0 1 0.97557
0 0.957967 1
0 0.908779 1
0 1 0.829316
0 1 0.744474
0 1 0.869562
0 1 0.290305
0 1 0.678757
0 1 0.917965
0 1 0.986341
0 1 0.616813
0 1 0.629454
0 1 0.552064
0 1 0.801636
0 1 0.708036
0.0766196 1 0
0 1 0.578439
0 1 0.965003
0 1 0.722397
0 0.822963 1
0 0.850382 1
0 1 0.831934
0 0.951529 1
0.239068 1 0
0.155954 1 0
0 1 0.867633
0 1 0.892977
0 1 0.834165
0 0.593462 1
0 0.673432 1
0 0.6894 1
0.292441 1 0
0.202392 1 0
0.28706 1 0
0.113862 1 0
0.212125 1 0
0.277577 1 0
0 1 0.128895
0 0.758823 1
0 1 0.105094
0 1 0.200869
0 1 0.674408
0.194872 1 0
0.172652 1 0
0.196452 1 0
0 1 0.142032
0 1 0.170298
0.0715593 1 0
0 1 0.493645
0.127967 1 0
0.164054 1 0
0 1 0.567824
0 1 0.817549
0 1 0.766818
0 1 0.89188
0 1 0.956239
0 1 0.93049
0 1 0.987002
0 1 0.842695
0 1 0.79034
0 1 0.706325
0 1 0.93624
0 1 0.902851
0 1 0.932318
0 0.98014 1
0 0.972516 1
0 1 0.932429
0 1 0.84532
0 0.972414 1
0 0.998388 1
0 1 0.558596
0 1 0.515374
0 1 0.762942
0 1 0.384859
0 1 0.447557
0 1 0.018193
0 1 0.0445485
0.0639428 1 0
0.110166 1 0
0.00973889 1 0
0.0109072 1 0
0 1 0.0973952
0 1 0.108564
0.137113 1 0
0 1 0.0472653
0.631019 1 0
1 0.861071 0
1 0.574046 0
1 0.604317 0
1 0.533341 0
1 0.519795 0
0.959622 1 0
1 0.969222 0
1 0.439965 0
1 0.715975 0
0 1 0.909395
0 0.978149 1
0 1 0.819881
0 1 0.790553
0 1 0.782323
0 1 0.901156
1 0.800704 0
1 0.82258 0
1 0.739543 0
1 0.655335 0
1 0.649359 0
1 0.744684 0
1 0.686081 0
1 0.625423 0
1 0.829289 0
1 0.74843 0
1 0.848014 0
1 0.679606 0
1 0.565702 0
1 0.509395 0
1 0.598281 0
1 0.598273 0
1 0.521601 0
1 0.45285 0
1 0.465835 0
1 0.396737 0
1 0.475213 0
1 0.373687 0
1 0.403802 0
1 0.389568 0
1 0.325047 0
1 0.288931 0
1 0.378639 0
1 0.318451 0
1 0.273265 0
1 0.450213 0
1 0.460438 0
1 0.436111 0
1 0.261793 0
1 0.20419 0
1 0.348367 0
1 0.306108 0
1 0.50209 0
1 0.786192 0
1 0.802414 0
1 0.797369 0
1 0.819492 0
1 0.645012 0
1 0.703125 0
1 0.464562 0
1 0.582183 0
1 0.169322 0
1 0.872718 0
1 0.946575 0
1 0.887703 0
1 0.945876 0
1 0.64644 0
1 0.674883 0
1 0.859199 0
0.937754 1 0
0.882527 1 0
0.871192 1 0
0.717347 1 0
0.771332 1 0
0.898357 1 0
0.832346 1 0
0.998685 1 0
0.623968 1 0
0.573446 1 0
0.453317 1 0
0.428039 1 0
0.369295 1 0
0.577485 1 0
0.564857 1 0
0.705499 1 0
0.670722 1 0
0.770143 1 0
0.571435 1 0
0.651843 1 0
0.485219 1 0
0.407336 1 0
0.335927 1 0
0.773629 1 0
0.63476 1 0
0.546161 1 0
0.467379 1 0
0.106697 1 0
0.0949443 1 0
0 1 0.140853
1 0.888627 0
1 0.886161 0
1 0.988322 0
0.998497 1 0
0.909708 1 0
0.95389 1 0
0.621533 1 0
0.584422 1 0
0.791686 1 0
0.886043 1 0
0.724036 1 0
0.676852 1 0
0.994403 1 0
0.929323 1 0
1 0.884395 0
0.982958 1 0
1 0.882402 0
0.892474 1 0
0.950243 1 0
1 0.876118 0
1 0.870873 0
1 0.936685 0
0.615354 1 0
0.491211 1 0
0.341973 1 0
0.257993 1 0
0.170203 1 0
0.0995 1 0
0.73151 1 0
1 0.890356 0
1 0.878515 0
1 0.98999 0
1 0.895415 0
0.734099 1 0
0.601289 1 0
0.656982 1 0
0.454018 1 0
0.384471 1 0
0.514143 1 0
0.584442 1 0
0.277909 1 0
0.976677 1 0
0.927309 1 0
0.946387 1 0
0.842309 1 0
0.91404 1 0
0.941412 1 0
1 0.973482 0
0.695585 1 0
0.763428 1 0
0.79629 1 0
0.567996 1 0
0.0442839 1 0
0 1 0.157718
0 1 0.296988
0 1 0.357109
0 1 0.456884
0 1 0.55662
0 1 0.583685
0 1 0.63676
0 1 0.687368
0 1 0.626236
0 1 0.51933
0 1 0.483365
0 1 0.591261
0 1 0.565026
0 1 0.552573
0 1 0.466768
0 1 0.439198
0 1 0.525841
0 1 0.377012
0 1 0.286243
0 1 0.271951
0.390731 1 0
0.317434 1 0
0.417582 1 0
0.469774 1 0
0.547057 1 0
0.0589879 1 0
0 1 0.0440578
0.0540177 1 0
0 1 0.0245429
0 1 0.0897829
0.23234 1 0
0.160549 1 0
0.121597 1 0
0.00807787 1 0
0 1 0.0420695
0.0608556 1 0
0.179014 1 0
0.242968 1 0
0.0761173 1 0
0.147205 1 0
0.58363 1 0
0.69596 1 0
0.638733 1 0
0.452071 1 0
0.403139 1 0
0.34596 1 0
0.492718 1 0
0.590628 1 0
0.297223 1 0
0.439282 1 0
0.524952 1 0
0.609041 1 0
0.81984 1 0
0.923453 1 0
0.942604 1 0
0.832768 1 0
0.750632 1 0
0.632548 1 0
0.81608 1 0
0.72283 1 0
1 0.90766 0
1 0.922154 0
1 0.817052 0
1 0.993974 0
1 0.997399 0
1 0.901721 0
1 0.83308 0
1 0.839775 0
1 0.858663 0
1 0.853827 0
0.977803 1 0
1 0.934331 0
1 0.792882 0
1 0.891696 0
1 0.866116 0
1 0.975908 0
1 0.986313 0
1 0.971319 0
1 0.899027 0
1 0.77225 0
1 0.766238 0
1 0.810365 0
1 0.74865 0
1 0.802027 0
1 0.807908 0
1 0.866784 0
0.915801 1 0
0.8582 1 0
0.921516 1 0
0.943733 1 0
0.740208 1 0
0 1 0.0880775
0.11542 1 0
0.394943 1 0
0.210208 1 0
0.243553 1 0
0 1 0.192069
0 1 0.117899
0 1 0.217657
0 1 0.231365
0 1 0.284183
0 1 0.6192
0 1 0.125013
0 1 0.0472691
0 1 0.397978
0 1 0.452542
0 1 0.00525373
0.159498 1 0
0 1 0.0394704
0.38943 1 0
0.0795499 1 0
0.295125 1 0
0.608731 1 0
0.810567 1 0
0.457105 1 0
0.666592 1 0
0.77456 1 0
0.873179 1 0
0.878793 1 0
0.936239 1 0
0.835888 1 0
0.827433 1 0
1 0.906223 0
1 0.857097 0
1 0.928481 0
1 0.933017 0
1 0.855353 0
1 0.934065 0
1 0.859228 0
1 0.935509 0
0.999001 1 0
0.692884 1 0
0 1 0.590412
0 1 0.619879
0 0.874854 1
0.17586 1 0
0.242875 1 0
0 1 0.197952
0 1 0.288428
0 1 0.713419
0 1 0.915661
0 1 0.801949
0 1 0.752668
0 1 0.734281
0 1 0.663788
0 1 0.58966
0 1 0.673739
0 1 0.703592
0 1 0.530227
0 1 0.487331
0 1 0.580485
0 1 0.603448
0 1 0.750196
0 1 0.627144
0 1 0.485568
0 1 0.362073
0 1 0.267256
0 1 0.243644
0 1 0.316025
0 1 0.38934
0 1 0.32166
0 1 0.136988
0 1 0.560466
0.942965 1 0
1 0.797797 0
0.702655 1 0
0.422345 1 0
0.383602 1 0
0.420349 1 0
0.304535 1 0
0.332828 1 0
0.342571 1 0
